0 0.8 4.149625 8.249272376056872 25.974 0.895 0 0
10 1.9 1.0427894736842103 0.11021537716163236 25.974 0.885 4.149625 8
20 0.3 1.0466666666666666 0.1865017128309788 25.974 0.859 1.9633333333333332 27
30 1.3 2.0618461538461537 3.572477934391754 25.974 0.859 1.8716666666666666 30
40 1.6 1.1844375 0.804918627001357 25.974 0.751 1.9291627906976743 43
50 1.9 0.9549473684210525 0.10177243639052895 25.974 0.751 1.7272033898305086 59
60 3 1.3186999999999998 1.738804362198347 25.974 0.751 1.5390897435897437 78
70 3.3 1.0155454545454545 0.15079809718860007 25.974 0.751 1.4778703703703704 108
80 4.4 1.0577045454545455 0.5113893544037856 25.974 0.751 1.3696666666666668 141
90 6.6 1.0662121212121212 0.4024260713266217 25.974 0.751 1.2954702702702705 185
100 8.5 1.1202117647058822 0.6879456218954527 25.974 0.693 1.235187250996016 251
110 8.8 1.3245909090909094 1.6555521437956722 25.974 0.682 1.2061011904761905 336
120 10.3 1.1580194174757281 0.9567481836939136 25.974 0.682 1.2306933962264153 424
130 15.7 1.084057324840764 0.6125887871905342 25.974 0.677 1.2164895635673625 527
140 13.6 1.2146102941176473 1.4331177406003472 25.974 0.677 1.1860921052631577 684
150 27 1.0291592592592615 0.4154593181129276 25.974 0.677 1.190821951219512 820
160 33.1 1.007921450151058 0.5596023133591661 25.974 0.677 1.1507770642201838 1090
170 31.9 1.033871473354233 0.555643324316127 25.974 0.664 1.117501055594652 1421
180 81.7 0.9993512851897144 0.9660962407369974 25.974 0.512 1.1021689655172417 1740
190 246.6 0.8422210056772098 0.45286752606988306 25.974 0.484 1.0693171685569014 2557
200 330.5 0.8311509833585463 0.5294040532869979 25.974 0.433 0.9578261994823803 5023
210 394.2 0.8178536276002016 0.3971076122968061 25.974 0.425 0.9075546349663776 8328
220 215.6 0.8355227272727265 0.46420274677587686 25.974 0.425 0.8787362673186623 12270
230 0 0 0 25.974 0.425 0.8722779010120605 14426
240 0 0 0 25.974 0.425 0.8722779010120605 14426
250 0 0 0 25.974 0.425 0.8722779010120605 14426
260 0 0 0 25.974 0.425 0.8722779010120605 14426
269 0 0 0 25.974 0.425 0.8722779010120605 14426
