0 0.1 1.5905251501410478 0 1.5905251501410478 1.5905251501410478 0 0
10 0.1 2.0408163265306123 0.0 2.0408163265306123 1.5905251501410478 1.5905251501410478 1
20 0.1 0.9471585244267198 0.0 2.0408163265306123 0.9471585244267198 1.8156707383358301 2
30 0.1 0.8986520219670495 0.0 2.0408163265306123 0.8986520219670495 1.5261666670327934 3
40 0.1 1.0406342913776017 0.0 2.0408163265306123 0.8986520219670495 1.3692880057663575 4
50 0.1 0.9466865969108121 0.0 2.0408163265306123 0.8986520219670495 1.3035572628886063 5
60 0.1 1.5376984126984126 0.0 2.0408163265306123 0.8986520219670495 1.244078818558974 6
70 0.1 1.488095238095238 0.0 2.0408163265306123 0.8986520219670495 1.286024474864608 7
80 0.1 2.180376610505451 0.0 2.180376610505451 0.8986520219670495 1.3112833202684366 8
90 0.1 1.8858560794044668 0.0 2.180376610505451 0.8986520219670495 1.4078492414058827 9
100 0.1 2.766798418972332 0.0 2.766798418972332 0.8986520219670495 1.455649925205741 10
110 0.1 2.6224641266699655 0.0 2.766798418972332 0.8986520219670495 1.5748452428208857 11
120 0.1 3.443187407771766 0.0 3.443187407771766 0.8986520219670495 1.6621468164749755 12
130 0.1 4.256360078277886 0.0 4.256360078277886 0.8986520219670495 1.799149938882421 13
140 0.1 4.852941176470589 0.0 4.852941176470589 0.8986520219670495 1.97466494883924 14
150 0.1 6.498545101842872 0.0 6.498545101842872 0.8986520219670495 2.16655003068133 15
160 0.1 9.256594724220623 0.0 9.256594724220623 0.8986520219670495 2.4372997226289264 16
170 0.1 11.661113755354593 0.0 11.661113755354593 0.8986520219670495 2.838434722722556 17
180 0.1 12.446555819477435 0.0 12.446555819477435 0.8986520219670495 3.32858355786878 18
190 0.1 15.983026874115982 0.0 15.983026874115982 0.8986520219670495 3.8084768347955515 19
200 0.1 22.748375116063137 0.0 22.748375116063137 0.8986520219670495 4.417204336761573 20
210 0.1 26.60805182785747 0.0 26.60805182785747 0.8986520219670495 5.290117231014028 21
220 0.1 29.743354720439964 0.0 29.743354720439964 0.8986520219670495 6.259114258143276 22
230 0.1 18.337292161520192 0.0 29.743354720439964 0.8986520219670495 7.280168191286609 23
240 0.1 8.486017357762778 0.0 29.743354720439964 0.8986520219670495 7.740881690046343 24
250 0.1 1.0956175298804782 0.0 29.743354720439964 0.8986520219670495 7.770687116755 25
260 0.1 0.19990004997501248 0.0 29.743354720439964 0.19990004997501248 7.5139536711059804 26
269 0.1 0.1998001998001998 0.0 29.743354720439964 0.1998001998001998 7.243062796249278 27
