0 0.1 668.82421875 0 668.82421875 668.82421875 0 0
10 0.1 663.19921875 0.0 668.82421875 663.19921875 668.82421875 1
20 0.1 655.21484375 0.0 668.82421875 655.21484375 666.01171875 2
30 0.1 651.0546875 0.0 668.82421875 651.0546875 662.4127604166666 3
40 0.1 651.0 0.0 668.82421875 651.0 659.5732421875 4
50 0.1 644.9453125 0.0 668.82421875 644.9453125 657.85859375 5
60 0.1 644.34765625 0.0 668.82421875 644.34765625 655.7063802083334 6
70 0.1 637.32421875 0.0 668.82421875 637.32421875 654.0837053571429 7
80 0.1 629.453125 0.0 668.82421875 629.453125 651.98876953125 8
90 0.1 624.87890625 0.0 668.82421875 624.87890625 649.4848090277778 9
100 0.1 616.7890625 0.0 668.82421875 616.7890625 647.02421875 10
110 0.1 599.5859375 0.0 668.82421875 599.5859375 644.2755681818181 11
120 0.1 580.89453125 0.0 668.82421875 580.89453125 640.5514322916666 12
130 0.1 567.5078125 0.0 668.82421875 567.5078125 635.9624399038462 13
140 0.1 551.31640625 0.0 668.82421875 551.31640625 631.0728236607143 14
150 0.1 546.0 0.0 668.82421875 546.0 625.7557291666667 15
160 0.1 543.90234375 0.0 668.82421875 543.90234375 620.77099609375 16
170 0.1 523.37109375 0.0 668.82421875 523.37109375 616.2493106617648 17
180 0.1 510.6796875 0.0 668.82421875 510.6796875 611.0894097222222 18
190 0.1 516.15234375 0.0 668.82421875 510.6796875 605.8046875 19
200 0.1 501.7578125 0.0 668.82421875 501.7578125 601.3220703125 20
210 0.1 486.0234375 0.0 668.82421875 486.0234375 596.5809151785714 21
220 0.1 474.75 0.0 668.82421875 474.75 591.5555752840909 22
230 0.1 467.25 0.0 668.82421875 467.25 586.4770720108696 23
240 0.1 616.59375 0.0 668.82421875 467.25 581.5092773437501 24
250 0.1 648.08984375 0.0 668.82421875 467.25 582.9126562500002 25
260 0.1 649.44140625 0.0 668.82421875 467.25 585.4194711538463 26
269 0.1 649.98046875 0.0 668.82421875 467.25 587.7906539351853 27
