0 0.1 0.0 0 0.0 0.0 0 0
10 0.1 0.0 0.0 0.0 0.0 0.0 1
20 0.1 0.0 0.0 0.0 0.0 0.0 2
30 0.1 0.0 0.0 0.0 0.0 0.0 3
40 0.1 0.0 0.0 0.0 0.0 0.0 4
50 0.1 0.0 0.0 0.0 0.0 0.0 5
60 0.1 0.0 0.0 0.0 0.0 0.0 6
70 0.1 0.0 0.0 0.0 0.0 0.0 7
80 0.1 0.0 0.0 0.0 0.0 0.0 8
90 0.1 0.0 0.0 0.0 0.0 0.0 9
100 0.1 0.0 0.0 0.0 0.0 0.0 10
110 0.1 0.0 0.0 0.0 0.0 0.0 11
120 0.1 0.0703125 0.0 0.0703125 0.0 0.0 12
130 0.1 0.05859375 0.0 0.0703125 0.0 0.005408653846153846 13
140 0.1 0.2109375 0.0 0.2109375 0.0 0.009207589285714286 14
150 0.1 0.1796875 0.0 0.2109375 0.0 0.02265625 15
160 0.1 0.1484375 0.0 0.2109375 0.0 0.032470703125 16
170 0.1 0.12890625 0.0 0.2109375 0.0 0.039292279411764705 17
180 0.1 0.109375 0.0 0.2109375 0.0 0.044270833333333336 18
190 0.1 0.08984375 0.0 0.2109375 0.0 0.047697368421052634 19
200 0.1 0.078125 0.0 0.2109375 0.0 0.0498046875 20
210 0.1 0.2890625 0.0 0.2890625 0.0 0.05115327380952381 21
220 0.1 0.3203125 0.0 0.3203125 0.0 0.061967329545454544 22
230 0.1 0.26953125 0.0 0.3203125 0.0 0.07319972826086957 23
240 0.1 0.21875 0.0 0.3203125 0.0 0.08138020833333333 24
250 0.1 0.19140625 0.0 0.3203125 0.0 0.086875 25
260 0.1 0.16015625 0.0 0.3203125 0.0 0.0908954326923077 26
269 0.1 0.140625 0.0 0.3203125 0.0 0.09346064814814815 27
