0 2.1 134.05980952380955 133.7532198176282 480.791 6.551 0 0
10 6.6 77.6775303030303 90.60940306599727 480.791 5.814 134.05980952380955 21
20 7.9 82.89897468354431 126.88958526743293 608.374 5.416 91.28704597701149 87
30 6.7 40.92319402985074 67.47965668861318 608.374 4.836 87.29513253012047 166
40 9 118.53292222222218 121.05173897224715 608.374 4.836 73.96071244635192 233
50 11.8 69.68548305084745 114.16932214691913 739.881 4.836 86.38021362229101 323
60 14.6 128.02099315068492 139.37800126562774 739.881 4.836 81.91314285714284 441
70 21.3 164.72697183098575 170.6770203146638 894.057 4.836 93.38119420783646 587
80 24 249.7218833333333 279.17725600990445 1395.091 4.836 112.37700749999996 800
90 27.4 556.7122518248174 478.21131743660254 2285.624 4.836 144.0719788461538 1040
100 25.7 2293.3352918287947 750.6398569922843 4772.187 4.836 230.11721080669702 1314
110 28.3 4215.283388692584 945.4517353371597 8882.757 4.836 567.6392011457672 1571
120 39.2 3722.658380102039 3326.2237419159883 13288.622 0.382 1124.4263128371097 1854
130 79.1 2532.085048040454 3888.6489604167527 15607.778 0.351 1577.902256901158 2246
140 102 2023.309658823534 3360.1239315827506 15607.778 0.344 1826.4233592360881 3037
150 140.2 1409.3392353780316 2584.5494337849755 15607.778 0.344 1875.923981759922 4057
160 191.5 982.1548595300268 2232.775483120571 15607.778 0.344 1756.09401025829 5459
170 226.2 813.289477011496 2162.2441178040335 15607.778 0.344 1555.1049305668575 7374
180 258.5 837.156157833655 2189.151913859308 15607.778 0.34 1380.9676790161905 9636
190 360.7 467.9069426115901 1580.267036770198 15607.778 0.34 1265.9400395221348 12221
200 420.2 486.0436751546876 1668.7626949294452 15607.778 0.34 1084.0784410538297 15828
210 505.2 410.1818493665891 1509.3799550173699 15607.778 0.337 958.6195251123322 20030
220 338.5 485.8241456425396 1730.1056354846828 15607.778 0.337 848.153567937167 25082
230 154.3 988.4159669475066 1999.868670861406 15607.778 0.337 805.0691159588301 28467
240 18.5 7.454270270270269 4.1464759029132745 15607.778 0.337 814.496113328891 30010
250 0.3 8.761666666666667 0.0897416043736434 15607.778 0.337 809.5514953137944 30195
260 0 0 0 15607.778 0.337 809.4719413868474 30198
269 0 0 0 15607.778 0.337 809.4719413868474 30198
