0 2.1 134.05980952380955 133.7532198176282 480.791 6.551 0 0
10 7.2 71.19530555555555 86.08762386494467 480.791 5.287 134.05980952380955 21
20 8.8 74.41087499999999 122.78231569842809 608.374 5.054 85.39051612903226 93
30 8.2 33.41720731707317 62.8704065853969 608.374 4.836 80.05234806629834 181
40 9.3 114.70588172043007 116.4637054580912 608.374 4.836 65.51211406844105 263
50 13.9 59.14138848920861 107.85683054948356 739.881 4.836 78.36329494382021 356
60 16.3 116.81582822085892 133.1778303484257 739.881 4.836 72.96562828282826 495
70 23.6 147.17011016949152 160.3718618933521 739.881 4.836 83.82821580547112 658
80 27.2 223.23419485294124 254.23319011866693 1116.252 4.836 100.54934228187919 894
90 30.2 512.1377218543046 442.6156947043092 1852.65 4.836 129.16879331046314 1166
100 28.4 2117.040274647889 613.2186652958238 3953.642 4.836 207.95395435967305 1468
110 30.4 3994.048279605266 463.5609662396914 5862.882 4.836 517.4177186073061 1752
120 42.1 3615.963213776719 3171.906649509589 8412.935 0.368 1031.472042801557 2056
130 86.1 2288.56220557491 3454.2187045769447 9511.285 0.351 1470.7416362535325 2477
140 114.1 1836.4658448729217 3018.2848849911215 9511.285 0.344 1681.6893624925099 3338
150 160 1224.2737387500026 2204.379955133394 9511.285 0.342 1721.117798839027 4479
160 210.7 884.6605543426663 1980.7216195232218 9511.285 0.342 1590.3478537588428 6079
170 258.5 710.5883721470038 1916.0982832439083 9511.285 0.339 1408.7105290740292 8186
180 289.9 740.4081397033467 1939.485034835855 9511.285 0.33 1241.1638040107705 10771
190 399.4 424.4812648973472 1430.3261397790088 9511.285 0.33 1134.9684367227514 13670
200 479.8 430.7080800333476 1518.5746637841712 9511.285 0.33 974.3204654664866 17664
210 568.9 360.1690021093348 1341.2567919613173 9511.285 0.325 858.2020332116472 22462
220 410.8 400.23544985394295 1537.9693238205361 9511.285 0.325 757.5551675961786 28151
230 202 728.9883118811886 1627.7498798151319 9664.411 0.325 712.0525357574637 32259
240 23 5.969913043478259 2.4056529604977537 9664.411 0.325 713.0505306747577 34279
250 0.3 8.761666666666667 0.0897416043736434 9664.411 0.325 708.3378892752621 34509
260 0 0 0 9664.411 0.325 708.2770777121007 34512
269 0 0 0 9664.411 0.325 708.2770777121007 34512
