20 1.1 18041.05209090909 2177.31115422321 21051.891 13829.372 0 0
30 1.6 18982.517875000005 1742.2720967242694 21841.126 13829.372 18041.05209090909 11
40 0.4 17804.329 3025.721308961303 22536.108 13829.372 18598.95774074074 27
50 1.3 18683.898076923077 1626.6136957012857 22536.108 13829.372 18496.425000000003 31
60 1.8 18117.940166666667 2258.399532532159 23299.606 13829.372 18551.814772727274 44
70 2.1 18270.70638095238 1727.9399612362922 23299.606 13829.372 18425.851177419354 62
80 3 18393.528599999998 1814.2337205884232 23299.606 13829.372 18386.597674698794 83
90 3 19655.838799999994 2159.7588134977545 23635.618 13829.372 18388.43774336283 113
100 1.8 22839.27988888889 1758.3484748389744 26298.731 13829.372 18654.326076923076 143
110 1.9 28394.626789473685 2754.16369838806 34605.039 13829.372 19122.209111801243 161
120 1.9 34538.06763157894 3665.5501866726954 41537.801 13829.372 20100.964311111115 180
130 5.6 36470.89764285715 5004.778719793376 45866.506 13829.372 21479.38121105528 199
140 8.8 36605.63612499999 10062.63244474058 53709.397 13829.372 24771.635800000004 255
150 17.3 32389.11828901735 10695.892281379425 53709.397 13829.372 27807.764163265303 343
160 19.2 30662.96932812502 10398.504280501906 57662.475 12048.476 29343.760798449614 516
170 27.9 24844.390996415754 8976.022130029396 61095.519 12048.476 29701.512264124303 708
180 32.6 23458.279414110428 6732.117981883499 61095.519 11252.421 28328.526617021278 987
190 34.6 23399.85248843928 6873.612022690579 61095.519 11252.421 27119.310632140136 1313
200 52.7 21275.33689753322 6147.890867219826 61095.519 11252.421 26343.582773357437 1659
210 63 20804.603982539684 5038.793267559544 61095.519 11252.421 25121.7320978957 2186
220 62.5 20491.827606400013 5076.4417079608065 61095.519 11252.421 24155.897327769886 2816
230 76 21094.323260526253 4102.6074685448375 61095.519 11252.421 23490.38045015984 3441
240 11.1 27636.031981981967 3440.2721743942884 61095.519 11252.421 23056.911403713395 4201
250 0.2 34773.4115 1793.3845000000001 61095.519 11252.421 23174.787652365485 4312
260 0 0 0 61095.519 11252.421 23180.164853963834 4314
269 0 0 0 61095.519 11252.421 23180.164853963834 4314
