0 1498.65546875 1498.65546875
10 3012.55234375 4511.2078125
20 3037.20703125 7548.41484375
30 1540.71328125 9089.128125
40 5246.34609375 14335.47421875
50 3322.871875 17658.34609375
60 6051.21640625 23709.5625
70 9082.50390625 32792.06640625
80 8860.17421875 41652.240625
90 10117.71484375 51769.95546875
100 10836.26328125 62606.21875
110 11354.2828125 73960.5015625
120 8614.10078125 82574.60234375
130 12696.18203125 95270.784375
140 10575.11875 105845.903125
150 10708.5875 116554.490625
160 9567.6578125 126122.1484375
170 10661.13515625 136783.28359375
180 11996.85859375 148780.1421875
190 9283.04765625 158063.18984375
200 12711.7140625 170774.90390625
210 11193.55859375 181968.4625
220 7549.659375 189518.121875
230 8986.98515625 198505.10703125
240 107.71484375 198612.821875
250 0.3609375 198613.1828125
260 0 198613.1828125
269 0 198613.1828125
