0 7.46171875 7.46171875
10 28.20390625 35.665625
20 43.34375 79.009375
30 37.7984375 116.8078125
40 39.52578125 156.33359375
50 62.5296875 218.86328125
60 72.9828125 291.84609375
70 105.69921875 397.5453125
80 123.27265625 520.81796875
90 145.49453125 666.3125
100 143.3890625 809.7015625
110 144.66875 954.3703125
120 171.82109375 1126.19140625
130 289.903125 1416.09453125
140 372.81171875 1788.90625
150 480.5203125 2269.4265625
160 559.88203125 2829.30859375
170 638.53671875 3467.8453125
180 653.02421875 4120.86953125
190 838.0640625 4958.93359375
200 935.45 5894.38359375
210 1099.79921875 6994.1828125
220 839.15546875 7833.33828125
230 642.425 8475.76328125
240 129.609375 8605.37265625
250 1.7859375 8607.15859375
260 0 8607.15859375
269 0 8607.15859375
