0 0.8 4.8469999999999995 9.09546000760819 28.906 1.214 0 0
10 1.6 1.3164374999999997 0.12355311041713997 28.906 1.13 4.8469999999999995 8
20 0.6 1.255 0.059963878015574276 28.906 1.13 2.4932916666666665 24
30 0.9 1.5741111111111108 0.5603271751484811 28.906 1.13 2.245633333333333 30
40 1.9 1.3511052631578948 0.1071221116969061 28.906 1.129 2.090666666666667 39
50 1.5 1.4229333333333332 0.2613859130778772 28.906 1.129 1.8483965517241383 58
60 3.3 1.5484848484848481 1.002543919425225 28.906 1.129 1.7609726027397263 73
70 3.6 1.3705 0.20014113076082637 28.906 1.129 1.6948207547169811 106
80 3.9 1.5097692307692308 0.5670811212054352 28.906 1.129 1.6125985915492957 142
90 6.6 1.3558030303030302 0.268596194590305 28.906 1.037 1.5904419889502763 181
100 7.8 1.8644615384615382 3.536490770024634 32.409 1.037 1.527744939271255 247
110 7.3 1.4205616438356163 0.33952674501959235 32.409 1.037 1.608556923076923 325
120 14.1 1.4613120567375886 0.7390353414782854 32.409 1.036 1.574075376884422 398
130 15 1.4694266666666669 0.7412125412382667 32.409 1.036 1.5445769944341372 539
140 15.2 1.3866118421052624 0.31739316580838633 32.409 0.996 1.5282162554426706 689
150 24.9 1.435879518072289 1.1407710250829672 32.409 0.992 1.5026230677764565 841
160 34.5 1.6088782608695644 1.6180598517144875 32.409 0.992 1.4873761467889905 1090
170 33.6 2.427752976190475 3.485265666966636 32.409 0.992 1.5165874564459927 1435
180 53.8 1.3183921933085465 0.5361035490736745 32.409 0.983 1.6894568040654991 1771
190 63.9 1.3734679186228493 0.8494155084143402 32.409 0.983 1.6029982676483312 2309
200 64 1.2434000000000016 0.4022888724225419 32.409 0.983 1.5532459294436898 2948
210 115.8 1.2669965457685657 0.751266519557312 32.409 0.784 1.4979779821627643 3588
220 112.2 1.32233155080214 0.7683473169872338 32.409 0.784 1.4416196797302985 4746
230 127.5 1.248846274509806 0.5127522628279078 32.409 0.784 1.4188110088616221 5868
241 32.7 1.2234159021406716 0.5154213603522529 32.409 0.784 1.3884729105417892 7143
243 0 0 0 32.409 0.784 1.3812475234270414 7470
