0 0.1 4.318938934228288 0 4.318938934228288 4.318938934228288 0 0
10 0.1 0.25037556334501754 0.0 4.318938934228288 0.25037556334501754 4.318938934228288 1
20 0.1 0.4995004995004995 0.0 4.318938934228288 0.25037556334501754 2.2846572487866528 2
30 0.1 0.3498250874562719 0.0 4.318938934228288 0.25037556334501754 1.6896049990246018 3
40 0.1 0.39980009995002497 0.0 4.318938934228288 0.25037556334501754 1.3546600211325193 4
50 0.1 0.49975012493753124 0.0 4.318938934228288 0.25037556334501754 1.1636880368960205 5
60 0.1 0.6496751624187905 0.0 4.318938934228288 0.25037556334501754 1.0530317182362723 6
70 0.1 0.5997001499250375 0.0 4.318938934228288 0.25037556334501754 0.9954093531194893 7
80 0.1 0.8012018027040559 0.0 4.318938934228288 0.25037556334501754 0.9459457027201827 8
90 0.1 0.9471585244267198 0.0 4.318938934228288 0.25037556334501754 0.9298630471628352 9
100 0.1 1.1477045908183632 0.0 4.318938934228288 0.25037556334501754 0.9315925948892236 10
110 0.1 1.2967581047381544 0.0 4.318938934228288 0.25037556334501754 0.9512391399736909 11
120 0.1 1.25 0.0 4.318938934228288 0.25037556334501754 0.9800323870373963 12
130 0.1 2.5857782197911483 0.0 4.318938934228288 0.25037556334501754 1.000799126496058 13
140 0.1 3.427719821162444 0.0 4.318938934228288 0.25037556334501754 1.1140119188742788 14
150 0.1 2.9955067398901645 0.0 4.318938934228288 0.25037556334501754 1.2682591123601563 15
160 0.1 4.005934718100891 0.0 4.318938934228288 0.25037556334501754 1.3762120890807819 16
170 0.1 7.132667617689016 0.0 7.132667617689016 0.25037556334501754 1.5309016554937296 17
180 0.1 8.271028037383179 0.0 8.271028037383179 0.25037556334501754 1.8421108756156899 18
190 0.1 10.305719921104536 0.0 10.305719921104536 0.25037556334501754 2.180474936761347 19
200 0.1 11.07799304520616 0.0 11.07799304520616 0.25037556334501754 2.5867371859785067 20
210 0.1 12.073231073725879 0.0 12.073231073725879 0.25037556334501754 2.9910827030845852 21
220 0.1 18.450912678835717 0.0 18.450912678835717 0.25037556334501754 3.4039076290228256 22
230 0.1 19.502681618722576 0.0 19.502681618722576 0.25037556334501754 4.058125239884256 23
241 0.1 18.236472945891784 0.0 19.502681618722576 0.25037556334501754 4.701648422335853 24
243 0.1 7.992106561420818 0.0 19.502681618722576 0.25037556334501754 5.24304140327809 25
