0 0.1 679.3984375 0 679.3984375 679.3984375 0 0
10 0.1 678.5703125 0.0 679.3984375 678.5703125 679.3984375 1
20 0.1 676.4609375 0.0 679.3984375 676.4609375 678.984375 2
30 0.1 678.171875 0.0 679.3984375 676.4609375 678.1432291666666 3
40 0.1 677.8046875 0.0 679.3984375 676.4609375 678.150390625 4
50 0.1 677.8125 0.0 679.3984375 676.4609375 678.08125 5
60 0.1 677.31640625 0.0 679.3984375 676.4609375 678.0364583333334 6
70 0.1 675.41015625 0.0 679.3984375 675.41015625 677.93359375 7
80 0.1 672.69140625 0.0 679.3984375 672.69140625 677.6181640625 8
90 0.1 671.73828125 0.0 679.3984375 671.73828125 677.0707465277778 9
100 0.1 671.75390625 0.0 679.3984375 671.73828125 676.5375 10
110 0.1 670.69921875 0.0 679.3984375 670.69921875 676.1026278409091 11
120 0.1 667.4296875 0.0 679.3984375 667.4296875 675.65234375 12
130 0.1 643.265625 0.0 679.3984375 643.265625 675.0198317307693 13
140 0.1 642.51953125 0.0 679.3984375 642.51953125 672.7516741071429 14
150 0.1 631.36328125 0.0 679.3984375 631.36328125 670.7361979166667 15
160 0.1 616.75 0.0 679.3984375 616.75 668.275390625 16
170 0.1 606.49609375 0.0 679.3984375 606.49609375 665.2444852941177 17
180 0.1 597.32421875 0.0 679.3984375 597.32421875 661.9806857638889 18
190 0.1 603.6484375 0.0 679.3984375 597.32421875 658.5777138157895 19
200 0.1 594.00390625 0.0 679.3984375 594.00390625 655.83125 20
210 0.1 601.94921875 0.0 679.3984375 594.00390625 652.8870907738095 21
220 0.1 598.734375 0.0 679.3984375 594.00390625 650.5717329545455 22
230 0.1 605.359375 0.0 679.3984375 594.00390625 648.3179347826087 23
241 0.1 603.71875 0.0 679.3984375 594.00390625 646.5279947916667 24
243 0.1 614.43359375 0.0 679.3984375 594.00390625 644.8156250000001 25
