0 2.8 87.01803571428573 94.03563139366837 245.993 8.432 0 0
10 5.8 81.54301724137932 98.16314305461991 313.767 7.26 87.01803571428573 28
20 3.4 58.11426470588234 78.44274221790837 313.767 7.26 83.32558139534886 86
30 2.8 86.92657142857142 97.47604502111882 313.767 7.26 76.18237500000002 120
40 7.4 73.99597297297295 92.1972663100882 313.767 7.26 78.21506081081083 148
50 6.4 69.129765625 88.29260254629598 313.767 7.26 76.8086981981982 222
60 11 80.83739090909086 97.29512147436186 313.767 7.26 75.09033566433567 286
70 16.2 73.86817283950617 91.37193870500323 313.767 7.26 76.68673989898988 396
80 14.8 75.27093918918918 93.18596856223279 313.767 7.26 75.86844623655912 558
90 23.9 92.9408953974896 109.72578806336794 465.611 7.184 75.74318980169971 706
100 30.4 92.96078618421065 109.88525776872152 540.22 7.131 80.09266243386244 945
110 30.7 90.68185342019548 109.16056303058541 572.261 7.131 83.22469575660533 1249
120 41.7 598.1446906474824 649.2990608556778 3717.379 7.131 84.69599871465299 1556
130 56.8 1132.607322183099 815.8644561739451 4575.698 7.131 193.2150582868729 1973
140 52.7 1690.4141290322575 1032.3224120294103 5916.487 7.131 403.20120779220804 2541
150 56.7 2308.293425044092 1021.6637927325802 6988.917 7.131 624.3098158409389 3068
160 110 1996.6468036363603 2521.7973901064174 10473.73 0.686 886.9834627235216 3635
170 118.6 2348.256830522768 2554.88967492769 11598.005 0.686 1144.7722008447724 4735
180 167.7 1514.6893816338693 2175.43114404353 11598.005 0.674 1385.8349893599054 5921
190 202.3 1294.1608413247677 2062.3308215797188 11598.005 0.674 1414.2752125559357 7598
200 205 1235.6318804878092 2006.8913395761315 11598.005 0.672 1389.0188594740675 9621
210 346.8 757.9844561707023 1622.2620130547152 11598.005 0.659 1362.0765831548292 11671
220 350.7 700.030651554036 1589.8515059972688 11598.005 0.659 1223.6928394213626 15139
230 396.8 623.0491577620945 1517.0158658981463 11598.005 0.659 1125.200761074762 18646
241 185.3 1476.546094441448 1821.708268423447 11598.005 0.659 1037.0899641372603 22614
243 16.3 944.6563558282209 1206.9559192932395 11598.005 0.659 1070.3720260759394 24467
