0 3.4 71.633 90.85535135296429 245.993 8.432 0 0
10 7.1 66.58297183098595 92.67918725791644 292.997 7.26 71.633 34
20 4.5 43.86868888888888 71.53925805374968 292.997 7.26 68.21821904761907 105
30 3.3 73.72442424242425 94.23135839695387 292.997 7.26 60.91336000000002 150
40 9.2 59.485402173913016 87.05407310440171 292.997 7.26 63.223551912568325 183
50 8.1 54.58832098765433 82.612575612787 292.997 7.26 61.97297090909092 275
60 13.3 66.82775187969922 92.70524781598208 292.997 7.26 60.29275561797754 356
70 20.6 58.04973786407768 85.23179009868576 292.997 7.26 62.07016768916156 489
80 18.3 60.84330054644809 88.22345958632327 292.997 7.26 60.878500719424466 695
90 29.3 75.78277815699656 103.84642905628772 465.611 7.184 60.871164009111624 878
100 38 74.33599473684205 103.30425292873056 540.22 7.131 64.60225106746371 1171
110 38.6 72.0917176165803 101.92644620336884 557.64 7.131 66.98704964539006 1551
120 49.9 529.2134569138276 560.6740126028744 2688.766 7.131 68.00429375322663 1937
130 70.6 909.3316600566561 586.2583826081252 2872.978 7.131 162.4802266009852 2436
140 65.1 1412.5496482334859 741.7652613872492 3593.989 7.131 330.295984723106 3142
150 68.1 1978.054941262849 727.4883951889024 4085.166 0.805 516.0452952807799 3793
160 138.8 1629.2526109510075 2187.6622220583326 6424.664 0.686 738.5818551631646 4474
170 155.7 1772.6354380218388 2018.2550024301313 6523.794 0.686 949.4742142613437 5862
180 213.1 1180.7103923040822 1794.4027788915882 6523.794 0.674 1122.228227658714 7419
190 265.2 965.6517187028684 1698.3319461838832 6523.794 0.674 1135.278017486911 9550
200 270.7 946.7458817879589 1728.825232079915 6725.201 0.672 1098.4111969349292 12202
210 445.6 583.1412237432675 1374.2255222549127 6725.201 0.659 1070.8736016500106 14909
220 466.2 522.8485866580896 1345.7043996860145 6725.201 0.659 958.6435228505039 19365
230 525.2 474.23742536176593 1315.6136408219413 7031.46 0.659 874.0854842885096 24027
241 256.2 1063.3074695550376 1566.3346519590011 7031.46 0.659 802.3616547354763 29279
243 25.9 506.87013127413127 782.1018648956225 7031.46 0.659 823.3579543984177 31841
