0 0.6 2206.651833333333 447.9075663584383 3034.517 1707.486 0 0
10 1.4 2064.923142857143 525.3386044069723 3235.849 1398.915 2206.651833333333 6
20 1 2456.5744999999997 575.9390908830985 3235.849 1398.915 2107.4417499999995 20
30 0.6 2549.1723333333334 511.2025189562569 3275.267 1398.915 2223.819333333333 30
40 1.7 2462.811 577.4050661330548 3290.01 1398.915 2278.044833333333 36
50 1.8 2464.5530555555565 525.8895603884985 3290.01 1398.915 2337.3094528301885 53
60 2.3 2175.6856956521747 598.8804729174797 3290.01 1320.079 2369.5683943661975 71
70 4.5 2399.371844444445 509.6627674668354 3290.01 1320.079 2322.129010638298 94
80 3.6 2213.179888888889 583.7294422703122 3290.01 1304.677 2347.1356834532376 139
90 5.5 2325.967054545455 539.2516020395614 3449.35 1304.677 2319.579062857143 175
100 7.3 2472.841945205478 601.3456836420305 3487.327 1304.677 2321.1066260869566 230
110 7.8 2462.0265897435893 530.585793701023 3536.608 1304.677 2357.663320132013 303
120 7.3 3992.1461643835596 1406.1165203857004 7003.837 1304.677 2379.0290288713904 381
130 14 6603.373714285713 1473.1546053357952 9573.819 1304.677 2638.406894273127 454
140 11.4 7851.746763157892 2057.5862627240726 11681.679 1304.677 3572.9108585858576 594
150 10.5 10188.286133333331 1795.5841780167616 15031.891 1304.677 4261.875961864405 708
160 28.7 7959.604634146336 5096.411893577354 20383.756 1009.732 5027.279489544894 813
170 35.9 9575.795944289697 6289.082735340159 23055.365 1009.732 5792.349777272725 1100
180 47 7838.859710638303 6658.244340977045 25985.263 1007.814 6723.3005476353665 1459
190 64.6 6457.711051083592 5531.563796292168 26425.442 1007.814 6995.106046137897 1929
200 64.1 5806.802081123251 4700.862667359671 26425.442 1007.814 6860.2877289320395 2575
210 100.1 4833.4184915084825 4420.346853717602 26425.442 1007.814 6650.311267412937 3216
220 121.4 4185.057840197699 3534.733246082789 26425.442 1007.814 6219.030814797248 4217
230 126.8 3966.1138272870594 3078.8010676143426 26425.442 1007.814 5764.373626219849 5431
241 69.2 5909.503189306367 4026.79477018309 26425.442 1007.814 5423.995446633825 6699
243 7.9 11103.22244303797 2206.0047879205745 26425.442 1007.814 5469.452266810986 7391
