0 59.584375 59.584375
10 129.1125 188.696875
20 101.90703125 290.60390625
30 54.034375 344.63828125
40 181.58515625 526.2234375
50 169.64921875 695.87265625
60 247.17890625 943.0515625
70 454.403125 1397.4546875
80 393.57421875 1791.02890625
90 608.64609375 2399.675
100 884.846875 3284.521875
110 951.23515625 4235.75703125
120 1184.52421875 5420.28125
130 1914.846875 7335.128125
140 1825.37421875 9160.50234375
150 1806.22734375 10966.7296875
160 1664.5265625 12631.25625
170 2793.8640625 15425.1203125
180 2654.22265625 18079.34296875
190 3239.83984375 21319.1828125
200 3324.5875 24643.7703125
210 3770.03984375 28413.81015625
220 3874.53046875 32288.340625
230 3918.16875 36206.509375
241 5293.52421875 41500.03359375
243 1004.3921875 42504.42578125
