0 14.91484375 14.91484375
10 31.55625 46.47109375
20 22.35390625 68.825
30 13.77265625 82.59765625
40 41.99921875 124.596875
50 37.7921875 162.3890625
60 58.5796875 220.96875
70 96.52109375 317.48984375
80 84.221875 401.71171875
90 130.88984375 532.6015625
100 173.65625 706.2578125
110 178.4203125 884.678125
120 235.76875 1120.446875
130 327.66875 1448.115625
140 310.375 1758.490625
150 329.91796875 2088.40859375
160 426.153125 2514.56171875
170 510.61875 3025.18046875
180 584.36875 3609.54921875
190 684.11328125 4293.6625
200 699.0515625 4992.7140625
210 1000.046875 5992.7609375
220 1006.22890625 6998.98984375
230 1117.29921875 8116.2890625
241 727.28125 8843.5703125
243 105.3625 8948.9328125
