0 1 2.6944999999999992 4.31420674632081 15.635 1.142 0 0
10 1.5 1.2992666666666666 0.1366735608017228 15.635 1.142 2.6944999999999992 10
20 0.5 1.208 0.042057104037249125 15.635 1.142 1.8573599999999997 25
30 1 1.6191 1.0898909532609213 15.635 1.142 1.749133333333333 30
40 2.2 1.3454999999999997 0.5998592069659497 15.635 1.043 1.7166249999999998 40
50 2.8 1.278107142857143 0.4719238996828162 15.635 1.042 1.5849354838709675 62
60 3.3 1.397606060606061 1.1819911792572977 15.635 1.015 1.4894777777777777 90
70 2.9 1.2678965517241378 0.15320649685233512 15.635 1.015 1.464829268292683 123
80 4.1 1.251 0.19513072541247828 15.635 1.015 1.4272565789473686 152
90 5.7 1.2247017543859657 0.15544739787366668 15.635 0.984 1.389813471502591 193
100 7.8 1.379397435897436 0.6153100394181864 15.635 0.984 1.3521680000000003 250
110 9.3 1.301612903225806 0.3277606336212241 15.635 0.984 1.358643292682927 328
120 13.3 1.4170676691729314 1.5030886006106032 16.575 0.984 1.3460451306413301 421
130 13.6 1.2747132352941175 0.27876924644946666 16.575 0.984 1.3630956678700359 554
140 14.6 1.302582191780821 0.5207544284510315 16.575 0.984 1.3456753623188404 690
150 26.8 1.268929104477612 0.5292961168402646 16.575 0.938 1.3381495215311001 836
160 30.2 1.3226854304635747 0.7555999482799801 16.575 0.851 1.3213460144927536 1104
170 35.1 1.2516894586894585 0.6877167001676272 16.575 0.851 1.321633712660028 1406
180 56 1.2483035714285702 1.2950520538303087 22.541 0.851 1.307660785429709 1757
190 65.8 1.1958556231003026 0.4414440955428643 22.541 0.851 1.2933146309883463 2317
200 59.6 1.167629194630873 0.4642717380280282 22.541 0.851 1.2717589915966379 2975
210 113.8 1.1552293497363821 0.4319628648888544 22.541 0.812 1.2543797255670674 3571
220 169.6 1.1250778301886775 0.6473757510489832 22.541 0.809 1.230418560203865 4709
230 146.4 1.8361598360655753 26.271562611726846 1006.499 0.809 1.202525058548009 6405
240 38.2 1.3801125654450268 1.8578082003583019 1006.499 0.809 1.320410598551277 7869
247 0 0 0 1006.499 0.809 1.3231746454975153 8251
