0 0.1 7.362921950348277 0 7.362921950348277 7.362921950348277 0 0
10 0.1 0.2502502502502503 0.0 7.362921950348277 0.2502502502502503 7.362921950348277 1
20 0.1 0.25037556334501754 0.0 7.362921950348277 0.2502502502502503 3.8065861002992634 2
30 0.1 0.9995002498750625 0.0 7.362921950348277 0.2502502502502503 2.6211825879811816 3
40 0.1 0.2004008016032064 0.0 7.362921950348277 0.2004008016032064 2.215762003454652 4
50 0.1 0.3508771929824561 0.0 7.362921950348277 0.2004008016032064 1.812689763084363 5
60 0.1 0.5508262393590386 0.0 7.362921950348277 0.2004008016032064 1.569054334734045 6
70 0.1 0.35070140280561124 0.0 7.362921950348277 0.2004008016032064 1.4235931782519011 7
80 0.1 0.750375187593797 0.0 7.362921950348277 0.2004008016032064 1.289481706321115 8
90 0.1 0.5508262393590386 0.0 7.362921950348277 0.2004008016032064 1.2295809820180796 9
100 0.1 0.7028112449799196 0.0 7.362921950348277 0.2004008016032064 1.1617055077521754 10
110 0.1 1.0521042084168337 0.0 7.362921950348277 0.2004008016032064 1.1199878475001521 11
120 0.1 1.3052208835341366 0.0 7.362921950348277 0.2004008016032064 1.1143308775765421 12
130 0.1 1.3567839195979898 0.0 7.362921950348277 0.2004008016032064 1.1290147241886648 13
140 0.1 2.3138832997987926 0.0 7.362921950348277 0.2004008016032064 1.1452839524321878 14
150 0.1 3.0045067601402105 0.0 7.362921950348277 0.2004008016032064 1.2231905755899615 15
160 0.1 3.679435483870968 0.0 7.362921950348277 0.2004008016032064 1.334522837124352 16
170 0.1 5.633802816901409 0.0 7.362921950348277 0.2004008016032064 1.4724588751682706 17
180 0.1 6.8354430379746836 0.0 7.362921950348277 0.2004008016032064 1.7036446497090005 18
190 0.1 10.47040971168437 0.0 10.47040971168437 0.2004008016032064 1.9737393017229836 19
200 0.1 11.008230452674898 0.0 11.008230452674898 0.2004008016032064 2.3985728222210527 20
210 0.1 10.92479674796748 0.0 11.008230452674898 0.2004008016032064 2.808556518909331 21
220 0.1 16.27786417833074 0.0 16.27786417833074 0.2004008016032064 3.1774765293210647 22
230 0.1 21.205821205821206 0.0 21.205821205821206 0.2004008016032064 3.747058601017138 23
240 0.1 20.984455958549223 0.0 21.205821205821206 0.2004008016032064 4.474507042883974 24
247 0.1 10.56088933804952 0.0 21.205821205821206 0.2004008016032064 5.134904999510584 25
