0 0.1 691.296875 0 691.296875 691.296875 0 0
10 0.1 690.21484375 0.0 691.296875 690.21484375 691.296875 1
20 0.1 690.3046875 0.0 691.296875 690.21484375 690.755859375 2
30 0.1 689.19140625 0.0 691.296875 689.19140625 690.60546875 3
40 0.1 687.23828125 0.0 691.296875 687.23828125 690.251953125 4
50 0.1 686.75390625 0.0 691.296875 686.75390625 689.64921875 5
60 0.1 687.9921875 0.0 691.296875 686.75390625 689.1666666666666 6
70 0.1 683.1015625 0.0 691.296875 683.1015625 688.9988839285714 7
80 0.1 683.703125 0.0 691.296875 683.1015625 688.26171875 8
90 0.1 681.6171875 0.0 691.296875 681.6171875 687.7552083333334 9
100 0.1 674.54296875 0.0 691.296875 674.54296875 687.14140625 10
110 0.1 664.2578125 0.0 691.296875 664.2578125 685.99609375 11
120 0.1 645.12109375 0.0 691.296875 645.12109375 684.1845703125 12
130 0.1 632.6328125 0.0 691.296875 632.6328125 681.1796875 13
140 0.1 622.47265625 0.0 691.296875 622.47265625 677.7120535714286 14
150 0.1 616.71875 0.0 691.296875 616.71875 674.0294270833333 15
160 0.1 612.30078125 0.0 691.296875 612.30078125 670.447509765625 16
170 0.1 607.81640625 0.0 691.296875 607.81640625 667.0271139705883 17
180 0.1 601.2421875 0.0 691.296875 601.2421875 663.7376302083334 18
190 0.1 591.60546875 0.0 691.296875 591.60546875 660.448396381579 19
200 0.1 596.87890625 0.0 691.296875 591.60546875 657.00625 20
210 0.1 597.4765625 0.0 691.296875 591.60546875 654.1430431547619 21
220 0.1 586.39453125 0.0 691.296875 586.39453125 651.5672940340909 22
230 0.1 580.23046875 0.0 691.296875 580.23046875 648.7336956521739 23
240 0.1 577.36328125 0.0 691.296875 577.36328125 645.87939453125 24
247 0.1 669.6328125 0.0 691.296875 577.36328125 643.13875 25
