0 0.1 0.140625 0 0.140625 0.140625 0 0
10 0.1 0.12109375 0.0 0.140625 0.12109375 0.140625 1
20 0.1 0.1015625 0.0 0.140625 0.1015625 0.130859375 2
30 0.1 0.08984375 0.0 0.140625 0.08984375 0.12109375 3
40 0.1 0.0703125 0.0 0.140625 0.0703125 0.11328125 4
50 0.1 0.05859375 0.0 0.140625 0.05859375 0.1046875 5
60 0.1 0.05078125 0.0 0.140625 0.05078125 0.09700520833333333 6
70 0.1 0.0390625 0.0 0.140625 0.0390625 0.09040178571428571 7
80 0.1 0.0390625 0.0 0.140625 0.0390625 0.083984375 8
90 0.1 0.03125 0.0 0.140625 0.03125 0.07899305555555555 9
100 0.1 0.01953125 0.0 0.140625 0.01953125 0.07421875 10
110 0.1 0.01953125 0.0 0.140625 0.01953125 0.06924715909090909 11
120 0.1 0.01953125 0.0 0.140625 0.01953125 0.06510416666666667 12
130 0.1 0.01171875 0.0 0.140625 0.01171875 0.061598557692307696 13
140 0.1 0.01171875 0.0 0.140625 0.01171875 0.05803571428571429 14
150 0.1 0.01171875 0.0 0.140625 0.01171875 0.054947916666666666 15
160 0.1 0.01171875 0.0 0.140625 0.01171875 0.05224609375 16
170 0.1 0.01171875 0.0 0.140625 0.01171875 0.04986213235294118 17
180 0.1 0.0 0.0 0.140625 0.0 0.04774305555555555 18
190 0.1 0.0 0.0 0.140625 0.0 0.04523026315789474 19
200 0.1 0.0 0.0 0.140625 0.0 0.04296875 20
210 0.1 0.078125 0.0 0.140625 0.0 0.04092261904761905 21
220 0.1 0.0703125 0.0 0.140625 0.0 0.04261363636363636 22
230 0.1 0.05859375 0.0 0.140625 0.0 0.043817934782608696 23
240 0.1 0.05078125 0.0 0.140625 0.0 0.04443359375 24
247 0.1 0.19140625 0.0 0.19140625 0.0 0.0446875 25
