0 0.3 5249.660333333333 1049.8021787458604 6381.167 3851.503 0 0
10 1.7 5649.8258235294115 968.7871152380196 7353.69 3851.503 5249.660333333333 3
20 0.7 5871.7412857142845 819.5454403604679 7353.69 3851.503 5589.8009999999995 20
30 0.7 6160.762857142857 1030.2385805276126 7418.86 3851.503 5662.8966296296285 27
40 1.8 5734.5405 714.6822754975536 7418.86 3851.503 5765.398499999999 34
50 3 5743.615999999998 1118.001308194822 8311.883 3851.503 5754.7168846153845 52
60 1.4 5995.160071428572 983.5202310823144 8311.883 3575.656 5750.655585365853 82
70 3.7 6377.677162162162 978.1559098298743 8456.754 3575.656 5786.3124895833325 96
80 3.5 6322.924171428571 901.9464818497976 8456.754 3575.656 5950.82747368421 133
90 3.2 6492.9184375 1150.2402733406652 8516.078 3575.656 6028.347619047619 168
100 4.7 7472.77993617021 1497.8255207974762 10323.502 3575.656 6102.67895 200
110 2.8 13458.765821428573 2329.4151046352054 17393.299 3575.656 6363.386425101215 247
120 3.6 17722.92202777778 2533.565689735544 22881.321 3575.656 7085.825054545454 275
130 11 16177.451418181834 8227.564359345804 32957.617 3575.656 8317.128884244372 311
140 14 20276.11075714286 8589.676701570146 36626.118 3575.656 10370.894866983377 421
150 20.2 17935.004440594053 9313.781822774416 43317.06 3575.656 12842.784750445637 561
160 29.8 12419.98302348993 8424.591526251827 43317.06 3250.945 14190.9215491481 763
170 34 11735.000485294118 6691.410872392342 43317.06 3167.85 13693.523169651273 1061
180 40 10233.712970000006 5643.961238464265 43317.06 3074.977 13218.221447537473 1401
190 64.3 8844.111295489878 4766.6858929341815 43317.06 3074.977 12555.365594669629 1801
200 61.2 8676.811478758167 4056.1233187350936 43317.06 3074.977 11578.959492225855 2444
210 73.5 8044.610295238096 3943.6813101794346 43317.06 3074.977 10997.770164921463 3056
220 123.2 7218.899042207793 3173.623488470134 43317.06 3074.977 10425.210812714322 3791
230 127 7062.1509519685005 2764.729088680108 43317.06 3074.977 9638.793113876167 5023
240 105.7 7848.848435193945 2665.364814781084 43317.06 3074.977 9118.79699984109 6293
247 6.9 10173.78565217392 1264.6315144304288 43317.06 3074.977 8936.166301496596 7350
