0 40.6109375 40.6109375
10 203.54140625 244.15234375
20 79.19921875 323.3515625
30 95.51953125 418.87109375
40 238.36796875 657.2390625
50 325.309375 982.5484375
60 221.6765625 1204.225
70 441.30703125 1645.53203125
80 418.1875 2063.71953125
90 515.7765625 2579.49609375
100 625.09765625 3204.59375
110 735.1359375 3939.7296875
120 644.6578125 4584.3875
130 647.9671875 5232.3546875
140 1006.35078125 6238.70546875
150 1065.91171875 7304.6171875
160 1355.14140625 8659.75859375
170 1508.91640625 10168.675
180 1855.34921875 12024.02421875
190 2374.59453125 14398.61875
200 2194.9390625 16593.5578125
210 2688.11015625 19281.66796875
220 3663.66015625 22945.328125
230 3711.9546875 26657.2828125
240 3356.77109375 30014.05390625
247 296.66484375 30310.71875
