0 1 2.6259 4.15563442689561 15.085 1.105 0 0
10 1.2 1.4136666666666666 0.5442639269896749 15.085 1.097 2.6259 10
20 0.8 1.1582499999999998 0.04319939235683765 15.085 1.097 1.9646818181818182 22
30 1.4 1.5987142857142855 1.0249336165661398 15.085 1.086 1.7496333333333332 30
40 2.4 1.23925 0.19462469224981022 15.085 1.051 1.7016136363636363 44
50 2.2 1.2885 0.38153061952661627 15.085 1.051 1.5384264705882353 68
60 2.3 1.4375217391304347 1.163076873961821 15.085 1.051 1.4773333333333334 90
70 3.6 1.2732777777777775 0.5588764826323489 15.085 1.042 1.4692300884955751 113
80 4.2 1.2182619047619052 0.3274434200142944 15.085 0.976 1.4218859060402684 149
90 8.1 1.167728395061728 0.1988695218593957 15.085 0.921 1.3771099476439792 191
100 8.8 1.2400113636363632 0.33353545178607397 15.085 0.921 1.3147573529411765 272
110 7.6 1.2725131578947366 0.39087423921192527 15.085 0.921 1.296486111111111 360
120 12.6 1.4332301587301581 1.0660726929761863 15.085 0.921 1.292307339449541 436
130 17.8 1.1861573033707864 0.2889453468355163 15.085 0.921 1.3239021352313165 562
140 16.9 1.241970414201184 0.625810560084157 15.085 0.896 1.2907689189189187 740
150 29.8 1.2040134228187926 0.5891341500878163 15.085 0.868 1.2816963696369637 909
160 31.4 1.2437547770700639 0.4895459033206912 15.085 0.868 1.2625169842584922 1207
170 34.3 1.1768688046647213 0.40095897108109196 15.085 0.868 1.2586436554898095 1521
180 57.2 1.210896853146854 0.8383077181261169 15.333 0.832 1.2435960300429183 1864
190 69.5 1.1308431654676265 0.3940958542149413 15.333 0.832 1.2359178981937602 2436
200 62.7 1.1487129186602858 0.4810326218605484 15.333 0.802 1.2125940594059408 3131
210 116.5 1.1051690987124472 0.9484310829180537 22.844 0.742 1.2019358701436935 3758
220 122.7 1.1219926650366767 0.47637938601979923 22.844 0.742 1.1790365630712982 4923
230 124.4 1.0527427652733097 0.3349233579421525 22.844 0.742 1.1676556097560982 6150
240 11.9 1.0996974789915959 0.7124326953866094 22.844 0.742 1.148322153097106 7394
242 0 0 0 22.844 0.742 1.1475519765739386 7513
