0 0.1 2.930779028359024 0 2.930779028359024 2.930779028359024 0 0
10 0.1 0.3001500750375188 0.0 2.930779028359024 0.3001500750375188 2.930779028359024 1
20 0.1 0.15030060120240482 0.0 2.930779028359024 0.15030060120240482 1.6154645516982713 2
30 0.1 0.1500750375187594 0.0 2.930779028359024 0.1500750375187594 1.127076568199649 3
40 0.1 0.15022533800701052 0.0 2.930779028359024 0.1500750375187594 0.8828261855294267 4
50 0.1 0.6954793840039741 0.0 2.930779028359024 0.1500750375187594 0.7363060160249435 5
60 0.1 0.30045067601402103 0.0 2.930779028359024 0.1500750375187594 0.729501577354782 6
70 0.1 0.250501002004008 0.0 2.930779028359024 0.1500750375187594 0.668208591448959 7
80 0.1 0.6519558676028084 0.0 2.930779028359024 0.1500750375187594 0.6159951427683402 8
90 0.1 0.7511266900350526 0.0 2.930779028359024 0.1500750375187594 0.6199907788610589 9
100 0.1 1.5992003998000999 0.0 2.930779028359024 0.1500750375187594 0.6331043699784582 10
110 0.1 1.5523284927391086 0.0 2.930779028359024 0.1500750375187594 0.7209312817804256 11
120 0.1 1.0040160642570282 0.0 2.930779028359024 0.1500750375187594 0.7902143826936493 12
130 0.1 2.5037556334501754 0.0 2.930779028359024 0.1500750375187594 0.8066606658908323 13
140 0.1 2.413273001508296 0.0 2.930779028359024 0.1500750375187594 0.9278817350022139 14
150 0.1 2.15971873430437 0.0 2.930779028359024 0.1500750375187594 1.0269078194359527 15
160 0.1 4.730749874182185 0.0 4.730749874182185 0.1500750375187594 1.0977085016152288 16
170 0.1 4.10126582278481 0.0 4.730749874182185 0.1500750375187594 1.3114168176485792 17
180 0.1 4.766734279918864 0.0 4.766734279918864 0.1500750375187594 1.4664084290450363 18
190 0.1 7.951070336391437 0.0 7.951070336391437 0.1500750375187594 1.6401097896173429 19
200 0.1 9.489427539969055 0.0 9.489427539969055 0.1500750375187594 1.9556578169560477 20
210 0.1 8.35897435897436 0.0 9.489427539969055 0.1500750375187594 2.3144087561471434 21
220 0.1 13.141361256544503 0.0 13.141361256544503 0.1500750375187594 2.589161738093835 22
230 0.1 13.152400835073069 0.0 13.152400835073069 0.1500750375187594 3.047953021504734 23
240 0.1 12.723449001051526 0.0 13.152400835073069 0.1500750375187594 3.4689716804034147 24
242 0.1 2.807017543859649 0.0 13.152400835073069 0.1500750375187594 3.839150773229339 25
