0 0.1 678.50390625 0 678.50390625 678.50390625 0 0
10 0.1 677.61328125 0.0 678.50390625 677.61328125 678.50390625 1
20 0.1 677.91796875 0.0 678.50390625 677.61328125 678.05859375 2
30 0.1 676.328125 0.0 678.50390625 676.328125 678.01171875 3
40 0.1 675.828125 0.0 678.50390625 675.828125 677.5908203125 4
50 0.1 672.61328125 0.0 678.50390625 672.61328125 677.23828125 5
60 0.1 670.83984375 0.0 678.50390625 670.83984375 676.4674479166666 6
70 0.1 671.10546875 0.0 678.50390625 670.83984375 675.6635044642857 7
80 0.1 673.03515625 0.0 678.50390625 670.83984375 675.09375 8
90 0.1 672.30859375 0.0 678.50390625 670.83984375 674.8650173611111 9
100 0.1 670.92578125 0.0 678.50390625 670.83984375 674.609375 10
110 0.1 669.91796875 0.0 678.50390625 669.91796875 674.2745028409091 11
120 0.1 670.96875 0.0 678.50390625 669.91796875 673.9114583333334 12
130 0.1 663.6640625 0.0 678.50390625 663.6640625 673.6850961538462 13
140 0.1 658.953125 0.0 678.50390625 658.953125 672.9693080357143 14
150 0.1 663.05859375 0.0 678.50390625 658.953125 672.0348958333333 15
160 0.1 650.8046875 0.0 678.50390625 650.8046875 671.473876953125 16
170 0.1 639.625 0.0 678.50390625 639.625 670.2580422794117 17
180 0.1 646.23828125 0.0 678.50390625 639.625 668.5562065972222 18
190 0.1 595.7578125 0.0 678.50390625 595.7578125 667.3815789473684 19
200 0.1 578.734375 0.0 678.50390625 578.734375 663.800390625 20
210 0.1 578.578125 0.0 678.50390625 578.578125 659.7496279761905 21
220 0.1 572.2578125 0.0 678.50390625 572.2578125 656.0600142045455 22
230 0.1 574.0625 0.0 678.50390625 572.2578125 652.4164402173913 23
240 0.1 568.8984375 0.0 678.50390625 568.8984375 649.1516927083333 24
242 0.1 585.80859375 0.0 678.50390625 568.8984375 645.9415624999999 25
