0 1.8 52.07677777777777 42.19799128520423 212.478 30.374 0 0
10 2.5 37.91412 9.438284273404781 212.478 23.596 52.07677777777777 18
20 1.7 39.677235294117644 15.372991467197235 212.478 23.596 43.842674418604645 43
30 2.5 37.42943999999999 3.608503901397366 212.478 23.596 42.66246666666666 60
40 4.6 38.79523913043478 6.276900436918731 212.478 23.596 41.12334117647058 85
50 4.9 37.88614285714285 7.731390478736271 212.478 23.596 40.305839694656484 131
60 4 36.630550000000014 4.619480268114589 212.478 23.596 39.647144444444436 180
70 7 37.15949999999998 6.796489643821389 212.478 23.596 39.09867272727272 220
80 8.2 38.51040243902439 9.236839043134538 212.478 23.013 38.63059655172413 290
90 15.8 38.613803797468364 7.867130324168649 212.478 21.904 38.60410215053763 372
100 17.2 40.28290116279067 9.08257254732603 212.478 21.323 38.60699433962264 530
110 15 36.99953999999999 6.074003976104503 212.478 21.323 39.017615384615375 702
120 24.3 40.60113991769547 10.44081021824192 212.478 21.323 38.6623204225352 852
130 34 44.67034411764709 16.36418406933606 212.478 20.554 39.09257899543378 1095
140 35 41.3432028571429 11.242018353175503 212.478 20.554 40.41414006968641 1435
150 55.3 69.15914466546118 33.36345249757186 212.478 20.554 40.59630924369748 1785
160 63.6 75.91997641509433 38.84271099714764 230.713 20.554 47.35218947818651 2338
170 67.9 77.73257879234166 39.54512948376052 264.365 20.554 53.46150773369202 2974
180 77.5 1168.4514051612912 884.7781062272211 2881.557 1.343 57.97288393101562 3653
190 140 1367.0666214285732 989.110896647816 3039.702 1.309 252.33170370370385 4428
200 129.4 1482.6517619783626 949.9007021606219 3039.702 1.252 520.1129124914213 5828
210 216.1 907.6101614993077 922.4106230457669 3039.702 1.252 694.9971123279984 7122
220 250.4 772.2841777156531 881.133477443419 3201.782 1.252 744.4915429279337 9283
230 246.8 777.8304882495958 854.0800111711455 3201.782 1.234 750.3957388648513 11787
240 77.1 1229.1337782101177 896.0361657465963 3201.782 1.234 755.1455783233956 14255
242 0 0 0 3201.782 1.234 779.4664156794893 15026
