0 4.6 20.311521739130434 15.480142939373673 77.019 7.977 0 0
10 6.2 15.225338709677418 6.968329266931389 77.019 7.171 20.311521739130434 46
20 4.2 15.999714285714282 7.6932900055076265 77.019 7.171 17.391675925925924 108
30 6.4 14.55809375 3.239422444273198 77.019 7.171 17.001926666666666 150
40 11.6 15.32387931034484 4.0878918775666495 77.019 7.171 16.27106074766355 214
50 12 15.410883333333343 4.412537837766634 77.019 6.904 15.938112121212125 330
60 10.3 14.162165048543685 3.3119867035082273 77.019 6.904 15.797517777777783 450
70 17.6 14.709289772727276 4.645438679391464 77.019 6.904 15.492922242314652 553
80 20.6 15.239854368932043 5.532325891087703 77.019 6.85 15.303732510288071 729
90 39.7 15.304773299748113 4.924777607426757 77.019 6.621 15.289658823529418 935
100 43.2 15.975712962962962 5.314146209953004 77.019 6.621 15.294163663663669 1332
110 37.7 14.719594164456232 4.269844797093413 77.019 6.621 15.46107369614513 1764
120 61.1 16.04194435351885 6.3732092774714735 77.019 6.621 15.330509574964973 2141
130 85.9 17.6446821885914 9.145805417058824 92.443 6.51 15.488462572674427 2752
140 86.8 16.62914285714284 7.159449469596278 92.443 6.51 16.00139324286902 3611
150 140.6 27.21903556187765 18.432263306237925 127.812 6.51 16.123046885465506 4479
160 158.5 30.436915457413242 21.226437897286566 149.117 6.335 18.774017162276973 5885
170 170.1 30.874733686067053 21.026009719555507 154.725 6.335 21.248674966532796 7470
180 214.6 479.5533904939419 371.11688293498537 1060.606 0.602 23.034077417947884 9171
190 350.4 546.4832933789969 467.99371617532347 1146.047 0.592 109.60211186710254 11317
200 322.6 592.8101804091751 440.46418145491594 1146.047 0.579 212.89012617232333 14821
210 546.6 348.84371167215625 445.62336437925865 1146.047 0.579 280.8029147226688 18047
220 623.9 311.66994742747295 454.7382277260761 1215.391 0.577 296.6201645898018 23513
230 618.2 311.14409010029135 441.4767471463948 1215.391 0.571 299.77610688357123 29752
240 163.1 532.0429515634578 439.97891174513927 1215.391 0.571 301.73182771191665 35934
242 0 0 0 1215.391 0.571 311.73149343804107 37565
