0 0.8 2375.893 365.0019469040543 2848.637 1845.116 0 0
10 1.3 2159.874076923077 587.4429299090007 3042.921 1102.298 2375.893 8
20 0.9 1969.321222222222 499.52988638269295 3042.921 1102.298 2242.1670000000004 21
30 1.1 1909.0501818181815 590.2118359234663 3065.368 1102.298 2160.3132666666666 30
40 2.5 2000.77596 543.0628319950816 3065.368 1102.298 2092.9012195121945 41
50 2.4 2202.2116666666675 596.8489967781261 3065.368 1075.376 2058.005287878788 66
60 1.8 2087.865388888889 524.8417989286696 3065.368 1075.376 2096.460322222222 90
70 3.4 2175.175588235293 658.6676178250309 3075.512 1075.376 2095.027833333333 108
80 4.2 2090.0552857142866 581.7844579971703 3075.512 1075.376 2114.2181408450697 142
90 7.4 2035.2634999999993 608.8806229015502 3075.512 1075.376 2108.702706521739 184
100 8.6 2085.4114767441865 608.2255953730495 3090.784 1075.376 2087.638748062015 258
110 7.6 2089.4443289473675 584.3201326883502 3090.784 1075.376 2087.0819302325576 344
120 11.5 2065.8070608695657 555.4690487623292 3090.784 1075.376 2087.5094119047612 420
130 16.8 2053.6012321428557 569.4547374648232 3090.784 1070.626 2082.8444205607475 535
140 17.8 2127.889488764045 622.5601835258083 3097.351 1056.323 2075.8560056899 703
150 25.8 2067.322860465115 565.5426564819998 3159.311 1056.323 2086.3690136208847 881
160 32.2 2172.29650621118 581.0093490424204 3219.96 1056.323 2082.0547840210706 1139
170 33.3 2160.0255765765746 582.6390302825982 3219.96 1056.323 2101.943787816563 1461
180 32.2 3618.5627888198746 1180.3195791386781 6070.513 1056.323 2112.7248556298764 1794
190 70.2 4824.558260683761 1478.4249736709164 7744.398 1010.366 2341.8741063327025 2116
200 64.6 4933.059828173374 1421.7534821017116 7744.398 1010.366 2960.3426217175293 2818
210 100.8 3971.6627361111123 1562.1067827370925 7744.398 1007.296 3328.2338790415697 3464
220 126.4 3525.8345537974724 1328.9698652055397 7812.21 1007.296 3473.264354874776 4472
230 122.8 3548.1873444625417 1327.1053305185535 7812.21 1007.296 3484.848861750349 5736
240 54.9 4381.918162112931 1237.0507738423562 7812.21 1007.296 3496.0176809305003 6964
242 0 0 0 7812.21 1007.296 3560.7533875948357 7513
