0 158.30078125 158.30078125
10 217.83984375 376.140625
20 147.609375 523.75
30 219.59375 743.34375
40 401.11640625 1144.46015625
50 424.403125 1568.86328125
60 352.3015625 1921.16484375
70 610.87578125 2532.040625
80 715.1515625 3247.1921875
90 1381.45859375 4628.65078125
100 1502.9828125 6131.63359375
110 1315.8078125 7447.44140625
120 2118.7171875 9566.15859375
130 2984.60859375 12550.7671875
140 3047.121875 15597.8890625
150 4857.4234375 20455.3125
160 5543.06015625 25998.37265625
170 5922.96171875 31921.334375
180 6751.15703125 38672.49140625
190 7706.22109375 46378.7125
200 7733.43515625 54112.14765625
210 8171.79453125 62283.9421875
220 8412.3875 70696.3296875
230 8433.2234375 79129.553125
240 4417.48515625 83547.03828125
242 0 83547.03828125
