0 14.3828125 14.3828125
10 19.87890625 34.26171875
20 13.47734375 47.7390625
30 19.90625 67.6453125
40 37.0328125 104.678125
50 38.48515625 143.16328125
60 32.1875 175.35078125
70 55.78671875 231.1375
80 65.2828125 296.4203125
90 126.19609375 422.61640625
100 137.253125 559.86953125
110 120.21171875 680.08125
120 193.0671875 873.1484375
130 272.77578125 1145.92421875
140 277.48046875 1423.4046875
150 444.221875 1867.6265625
160 506.2546875 2373.88125
170 539.05 2912.93125
180 692.3125 3605.24375
190 932.28515625 4537.52890625
200 873.60390625 5411.1328125
210 1185.08828125 6596.22109375
220 1279.68125 7875.90234375
230 1302.73984375 9178.6421875
240 415.00546875 9593.64765625
242 0 9593.64765625
