0 0.9 3.0698888888888884 3.630203313695451 12.952 1.312 0 0
10 1.2 1.4235833333333339 0.14170124577982907 12.952 1.312 3.0698888888888884 9
20 0.9 1.7062222222222219 0.9038380850299553 12.952 1.302 2.1291428571428574 21
30 1.7 1.8424117647058822 1.1857282229436563 12.952 1.202 2.0022666666666664 30
40 2.5 1.3865599999999998 0.15054808667000724 12.952 1.186 1.944446808510638 47
50 1.8 1.5437777777777777 0.795847874600525 12.952 1.096 1.7507361111111106 72
60 3.6 1.6958055555555556 1.5368593302837599 12.952 1.096 1.709344444444444 90
70 3.9 1.4089230769230774 0.33069068238487387 12.952 1.096 1.7054761904761901 126
80 4 1.3997249999999999 0.21672355519186187 12.952 1.096 1.635381818181818 165
90 6.3 1.3721428571428573 0.36418806658896025 12.952 1.096 1.5893999999999997 205
100 5.9 1.4426440677966104 0.48641085244889765 12.952 1.075 1.538328358208955 268
110 6 1.4025833333333333 0.3188187725373495 12.952 1.075 1.521064220183486 327
120 14.2 1.4889647887323942 0.8207737110042328 12.952 1.075 1.5026950904392764 387
130 15.6 1.4988076923076925 1.2742836756761322 13.697 1.075 1.4990094517958412 529
140 16.1 1.36539751552795 0.2820122520465846 13.697 1.014 1.498963503649635 685
150 32.3 1.4750743034055724 1.2771710105325118 19.798 1.014 1.473544917257683 846
160 51.4 1.3410428015564186 0.6473382481412232 19.798 0.872 1.47396749358426 1169
170 120.7 1.256517812758905 0.5018055084631542 19.798 0.872 1.4333713606654774 1683
180 161.1 1.2639379267535664 0.5557630517619078 19.798 0.872 1.3595089965397913 2890
190 263 1.178135741444868 0.4050182958550163 19.798 0.841 1.325302155076648 4501
200 346.7 1.1722849725987907 0.40829626468993696 19.798 0.815 1.2710253821343422 7131
210 441.1 1.213950804806166 0.5396375325986209 19.798 0.815 1.238723721456879 10598
220 580.3 1.1867580561778446 0.4845876815872541 19.798 0.806 1.2314432007462188 15009
230 661 1.1967406959152778 0.477058369891284 19.798 0.787 1.2189836632711912 20812
240 446.2 1.2459352308381855 0.5592053059879857 19.798 0.787 1.213622055284079 27422
250 49.6 1.2075725806451625 0.3740696507376904 19.798 0.787 1.2181441161711204 31884
