0 0.1 691.734375 0 691.734375 691.734375 0 0
10 0.1 690.421875 0.0 691.734375 690.421875 691.734375 1
20 0.1 685.125 0.0 691.734375 685.125 691.078125 2
30 0.1 681.296875 0.0 691.734375 681.296875 689.09375 3
40 0.1 676.77734375 0.0 691.734375 676.77734375 687.14453125 4
50 0.1 667.328125 0.0 691.734375 667.328125 685.07109375 5
60 0.1 669.35546875 0.0 691.734375 667.328125 682.1139322916666 6
70 0.1 668.4453125 0.0 691.734375 667.328125 680.2912946428571 7
80 0.1 662.18359375 0.0 691.734375 662.18359375 678.810546875 8
90 0.1 652.35546875 0.0 691.734375 652.35546875 676.9631076388889 9
100 0.1 646.25390625 0.0 691.734375 646.25390625 674.50234375 10
110 0.1 646.67578125 0.0 691.734375 646.25390625 671.9343039772727 11
120 0.1 646.58203125 0.0 691.734375 646.25390625 669.8294270833334 12
130 0.1 623.109375 0.0 691.734375 623.109375 668.0411658653846 13
140 0.1 583.01171875 0.0 691.734375 583.01171875 664.8317522321429 14
150 0.1 546.79296875 0.0 691.734375 546.79296875 659.3770833333333 15
160 0.1 510.9609375 0.0 691.734375 510.9609375 652.340576171875 16
170 0.1 501.75 0.0 691.734375 501.75 644.0241268382352 17
180 0.1 482.953125 0.0 691.734375 482.953125 636.1200086805555 18
190 0.1 476.22265625 0.0 691.734375 476.22265625 628.05859375 19
200 0.1 460.39453125 0.0 691.734375 460.39453125 620.466796875 20
210 0.1 452.6640625 0.0 691.734375 452.6640625 612.8443080357143 21
220 0.1 428.86328125 0.0 691.734375 428.86328125 605.563387784091 22
230 0.1 380.0234375 0.0 691.734375 380.0234375 597.8807744565219 23
240 0.1 338.64453125 0.0 691.734375 338.64453125 588.8033854166669 24
250 0.1 326.3125 0.0 691.734375 326.3125 578.7970312500001 25
