0 2.2 84.6056818181818 106.0538954941763 267.2 8.201 0 0
10 5.4 62.909314814814834 96.51019868901672 297.002 7.145 84.6056818181818 22
20 6.9 41.404463768115924 74.53845371128233 297.002 7.145 69.18984210526315 76
30 9.5 53.67492631578948 87.84742170655501 297.002 7.036 55.96783448275862 145
40 13.5 59.083392592592595 97.27218989512893 494.405 7.036 55.060224999999996 240
50 15.3 43.468745098039214 77.91176217530844 494.405 6.988 56.50856533333333 375
60 16.7 53.55493413173651 89.26120850695115 494.405 6.65 52.729981060606065 528
70 23 53.11885652173915 89.25694877517003 494.405 6.379 52.92820719424461 695
80 27.3 59.64163003663004 96.7558132963769 511.88 6.379 52.9756118918919 925
90 33.4 63.9612035928143 105.2755148132939 595.436 6.379 54.49466277128548 1198
100 40.5 74.2307604938272 122.22935189362344 792.479 6.379 56.55851697127937 1532
110 42.4 59.84524528301888 97.49470534944801 792.479 6.379 60.253539494062984 1937
120 54.5 355.3652055045873 471.9698758845435 2586.373 6.206 60.18021601016518 2361
130 65 1112.474629230769 805.494522461626 4060.619 6.206 115.5400987611838 2906
140 78.3 1827.4799348658994 940.8716982316613 5077.384 0.757 297.7694139482565 3556
150 124.5 1893.667040160641 1514.1251425497937 6155.12 0.755 573.8153549204884 4339
160 199.2 1327.4920768072304 2032.7566780003665 8891.928 0.709 868.0874444842402 5584
170 233.6 1117.2915410958901 1561.3518210983461 8891.928 0.709 988.8812707233369 7576
180 270.4 895.4553332100571 1263.628209005999 8891.928 0.705 1019.1442238700563 9912
190 354 724.9733389830516 1463.1577790966583 8891.928 0.705 992.6338592263786 12616
200 430.3 613.5163776435024 1341.3770305488513 8891.928 0.705 933.9857878187667 16156
210 560.7 448.32794988407187 1083.028582865315 8891.928 0.705 866.5836727601538 20459
220 763.5 344.53731434184726 1053.442348809725 8891.928 0.703 776.6136030077487 26066
230 876.2 293.0220122118235 851.6003767060903 8891.928 0.703 678.7262268478675 33701
240 588.4 466.210654146839 964.4144731484369 8891.928 0.703 599.138342604149 42463
250 273.4 228.81731711777613 275.698619192901 8891.928 0.703 582.9605752373462 48347
