0 2.2 84.6056818181818 106.0538954941763 267.2 8.201 0 0
10 5.8 58.56210344827588 94.40756428392685 297.002 7.145 84.6056818181818 22
20 8.8 32.44138636363635 67.84384399611291 297.002 6.739 65.7240875 80
30 12 42.467 80.90951520144792 297.002 6.739 48.290291666666654 168
40 15.9 50.151440251572325 91.94201508242158 494.405 6.607 45.86392013888888 288
50 20 33.23052499999997 70.28134286138373 494.405 6.607 47.38901118568232 447
60 20.7 43.18524637681161 82.70094924761264 494.405 6.607 43.01235394126738 647
70 27.4 44.57427372262773 83.9034156943381 494.405 6.379 43.05426112412178 854
80 34.6 47.035049132948 88.84809802297995 511.88 6.379 43.42348404255319 1128
90 42.3 51.725702127659545 98.50475480082113 595.436 6.196 44.271246268656725 1474
100 50 60.03212799999999 108.88081797021736 595.436 6.196 45.93346810753821 1897
110 55.3 44.98302350813741 87.38249155814358 595.436 6.196 48.87436503963287 2397
120 64.3 305.0613779160186 431.6207380530077 2047.327 6.196 48.144903389830496 2950
130 74.2 1011.4818517520217 724.2512646450275 3071.37 6.196 94.12244113554131 3593
140 95 1568.4437652631577 758.5380482628385 3255.068 0.748 251.14220645905422 4335
150 147.2 1608.0703688858678 1175.4374156933943 4075.718 0.721 487.9324582781457 5285
160 232.8 1133.9727237972525 1697.2012669265746 5555.432 0.709 731.9524382122239 6757
170 295.2 873.7227682926829 1222.9858340626702 5555.432 0.709 834.9687535498075 9085
180 347 698.4776023054757 1000.5463773225738 5555.432 0.705 844.4729366121128 12037
190 422.8 604.9160957899724 1248.007241977897 5555.432 0.703 811.8035737408914 15507
200 544 485.99093933823264 1125.6532784749154 5555.432 0.703 767.4802772232077 19735
210 687.6 362.356350058172 911.7277066264335 5555.432 0.7 706.6539813704068 25175
220 920.7 284.5432337352014 934.9383116677772 5555.432 0.7 632.7907473713763 32051
230 1122.7 230.03156640242324 732.8037339209643 5555.432 0.7 555.076974089873 41258
240 823.1 332.13626983355465 772.0117705334675 5555.432 0.699 485.54692184433617 52485
250 482.6 122.43298736013239 171.58271715256276 5555.432 0.699 464.74971720798425 60716
