20 1 19323.3729 1578.0158241355791 22084.033 16806.884 0 0
30 1.2 19041.51766666667 1381.9903055902944 22084.033 16438.757 19323.3729 10
40 1.2 16877.314499999997 1523.0999895903908 22084.033 15057.81 19169.633681818184 22
50 2.1 17983.545666666672 1965.6180269733013 22092.109 14191.828 18360.57985294118 34
60 2.2 17778.193090909088 1514.7567940677327 22092.109 14191.828 18216.62134545455 55
70 1.9 17228.41142105263 2140.7468760069473 22885.926 13501.785 18091.35612987013 77
80 3.9 17938.729999999996 1625.6851989720426 22885.926 13501.785 17920.564989583334 96
90 4.4 17948.441386363636 2143.6461373516495 22885.926 13501.785 17925.812659259256 135
100 4.4 17431.418159090903 1882.1740405006624 22885.926 13501.785 17931.37502793296 179
110 6.3 17991.219269841273 1629.753940402838 22885.926 13501.785 17832.72882959641 223
120 4.8 18126.248583333323 2067.9229901092785 22885.926 12896.204 17867.64105944056 286
130 3.4 19990.710029411774 2677.518176269697 25795.217 12896.204 17904.80621257485 334
140 4.7 24845.239127659577 2396.774430043629 32498.174 12896.204 18097.525586956526 368
150 11.5 28619.463739130435 2158.2351299607344 33760.839 12896.204 18861.724469879522 415
160 14.6 29769.41940410959 4496.236935382689 40479.418 12896.204 20978.969783018874 530
170 28.1 26869.975804270452 6069.218596128918 40479.418 12896.204 22877.49884319527 676
180 38.5 26018.48506233766 5169.616982277032 40479.418 12896.204 24049.793541274816 957
190 34.2 24433.89767251462 5350.1842975766185 41049.83 12676.997 24614.582092399403 1342
200 53.1 22302.862732580048 4481.34880374085 42484.333 12676.997 24577.887275534442 1684
210 61.1 21849.67430932896 4246.172480380655 43689.854 12676.997 24032.497644695264 2215
220 74 20720.48445405403 4076.596334710151 43689.854 11991.918 23560.556718329794 2826
230 118.6 19817.95702107925 3331.316558633253 43689.854 11991.918 22971.197919798087 3566
240 120.1 19933.46624396338 3327.3339815809063 43689.854 11949.306 22184.214816708747 4752
250 123.1 19917.279098294053 2761.025281130835 43689.854 11949.306 21730.133003191666 5953
