0 7.53125 7.53125
10 25.31171875 32.84296875
20 39.884375 72.72734375
30 54.06328125 126.790625
40 69.54296875 196.33359375
50 93.22265625 289.55625
60 90.625 380.18125
70 122.5296875 502.7109375
80 159.20390625 661.91484375
90 191.6828125 853.59765625
100 230.3328125 1083.93046875
110 248.584375 1332.51484375
120 281.8734375 1614.38828125
130 377.92109375 1992.309375
140 461.37421875 2453.68359375
150 590.63203125 3044.315625
160 830.05 3874.365625
170 1038.0890625 4912.4546875
180 1231.57265625 6144.02734375
190 1287.39453125 7431.421875
200 1570.55859375 9001.98046875
210 1781.940625 10783.92109375
220 2083.58046875 12867.5015625
230 2529.8765625 15397.378125
240 2119.38515625 17516.76328125
250 2210.21484375 19726.978125
