0 1.1 3.977727272727272 7.0864370595064985 26.036 1.149 0 0
10 0.8 1.475625 0.3018037182922039 26.036 1.13 3.977727272727272 11
20 1.1 1.3179090909090911 0.22606011048771738 26.036 1.068 2.924210526315789 19
30 1.5 1.3034666666666668 0.20024647035313475 26.036 1.019 2.3352333333333335 30
40 2 1.57245 1.058710936705577 26.036 1.019 1.9913111111111113 45
50 2.3 1.386521739130434 0.29715694426920297 26.036 1.019 1.8624307692307693 65
60 3.8 1.5498421052631575 1.1369765661223439 26.036 1.019 1.7380454545454542 88
70 3.5 1.344085714285714 0.23563317392307312 26.036 1.019 1.6812857142857138 126
80 4 1.391325 0.4418136704256671 26.036 1.019 1.607981366459627 161
90 7.2 1.3678750000000004 0.3212983183507191 26.036 0.939 1.5648656716417908 201
100 8.1 1.3325679012345684 0.2848552128766517 26.036 0.933 1.5129120879120879 273
110 7.6 1.4434342105263158 0.7196948610627746 26.036 0.916 1.4716468926553672 354
120 13.1 1.528503816793892 1.3148792030782606 26.036 0.916 1.4666604651162791 430
130 16.9 1.4047988165680474 0.5947282963736259 26.036 0.916 1.4811016042780747 561
140 16.1 1.3168633540372683 0.42170247226771246 26.036 0.906 1.4634369863013699 730
150 26.6 1.3071541353383462 0.4423526502913045 26.036 0.906 1.4369517396184064 891
160 32.9 1.3888753799392095 0.5945201735428967 26.036 0.903 1.4071106309420915 1157
170 33.5 1.3485970149253743 0.6384804783116858 26.036 0.878 1.4030733512786 1486
180 57 1.5151508771929816 2.0791820680192763 27.882 0.878 1.3930516199890168 1821
190 65.5 1.3360320610687038 0.7859746750448023 27.882 0.859 1.4221593475533247 2391
200 59.2 1.3093766891891903 0.7824642304646304 27.882 0.859 1.403638870650033 3046
210 114.5 1.2100427947598258 0.3917503760311835 27.882 0.817 1.388299890049478 3638
220 125.9 1.255189038919777 0.4680813448113425 27.882 0.817 1.3456270123353549 4783
230 126.8 1.237234227129336 0.45147842089991763 27.882 0.751 1.3267820258192655 6042
240 20.8 1.261860576923078 0.6941339961417156 27.882 0.751 1.3112489740082078 7310
250 0 0 0 27.882 0.751 1.3098825485501464 7518
260 0 0 0 27.882 0.751 1.3098825485501464 7518
270 0 0 0 27.882 0.751 1.3098825485501464 7518
280 0 0 0 27.882 0.751 1.3098825485501464 7518
290 0 0 0 27.882 0.751 1.3098825485501464 7518
292 0 0 0 27.882 0.751 1.3098825485501464 7518
