0 0.1 5.258499073331305 0 5.258499073331305 5.258499073331305 0 0
10 0.1 0.5002501250625313 0.0 5.258499073331305 0.5002501250625313 5.258499073331305 1
20 0.1 0.10015022533800699 0.0 5.258499073331305 0.10015022533800699 2.879374599196918 2
30 0.1 0.25 0.0 5.258499073331305 0.10015022533800699 1.9529664745772812 3
40 0.1 0.10025062656641603 0.0 5.258499073331305 0.10015022533800699 1.5272248559329609 4
50 0.1 0.3001500750375188 0.0 5.258499073331305 0.10015022533800699 1.2418300100596518 5
60 0.1 0.40040040040040037 0.0 5.258499073331305 0.10015022533800699 1.0848833542226297 6
70 0.1 0.4506760140210316 0.0 5.258499073331305 0.10015022533800699 0.9871000751051684 7
80 0.1 0.4012036108324975 0.0 5.258499073331305 0.10015022533800699 0.9200470674696514 8
90 0.1 0.5007511266900351 0.0 5.258499073331305 0.10015022533800699 0.8623977945099676 9
100 0.1 0.7035175879396985 0.0 5.258499073331305 0.10015022533800699 0.8262331277279744 10
110 0.1 1.0510510510510511 0.0 5.258499073331305 0.10015022533800699 0.8150771695654039 11
120 0.1 1.0015022533800702 0.0 5.258499073331305 0.10015022533800699 0.8347416596892078 12
130 0.1 1.8463073852295409 0.0 5.258499073331305 0.10015022533800699 0.8475693976654279 13
140 0.1 2.155388471177945 0.0 5.258499073331305 0.10015022533800699 0.9189078253485788 14
150 0.1 2.206619859578736 0.0 5.258499073331305 0.10015022533800699 1.00133986840387 15
160 0.1 3.9579158316633265 0.0 5.258499073331305 0.10015022533800699 1.076669867852299 16
170 0.1 5.628140703517588 0.0 5.628140703517588 0.10015022533800699 1.2461549245470653 17
180 0.1 5.055055055055055 0.0 5.628140703517588 0.10015022533800699 1.4895985789343165 18
190 0.1 7.070193285859613 0.0 7.070193285859613 0.10015022533800699 1.6772541829406713 19
200 0.1 7.124681933842239 0.0 7.124681933842239 0.10015022533800699 1.9469011380866186 20
210 0.1 7.8760162601626025 0.0 7.8760162601626025 0.10015022533800699 2.1934621283606957 21
220 0.1 15.684264479753974 0.0 15.684264479753974 0.10015022533800699 2.4517600434426003 22
230 0.1 16.408668730650156 0.0 16.408668730650156 0.10015022533800699 3.0270863232822256 23
240 0.1 18.62845445240532 0.0 18.62845445240532 0.10015022533800699 3.5846522569225563 24
250 0.1 9.768378650553878 0.0 18.62845445240532 0.10015022533800699 4.186404344741867 25
260 0.1 4.354354354354354 0.0 18.62845445240532 0.10015022533800699 4.401095664196175 26
270 0.1 0.0 0.0 18.62845445240532 0.0 4.399364504572405 27
280 0.1 0.0 0.0 18.62845445240532 0.0 4.242244343694819 28
290 0.1 0.1 0.0 18.62845445240532 0.0 4.095960055981204 29
292 0.1 0.0 0.0 18.62845445240532 0.0 3.9627613874484973 30
