0 0.1 661.55078125 0 661.55078125 661.55078125 0 0
10 0.1 659.9453125 0.0 661.55078125 659.9453125 661.55078125 1
20 0.1 660.203125 0.0 661.55078125 659.9453125 660.748046875 2
30 0.1 659.4921875 0.0 661.55078125 659.4921875 660.56640625 3
40 0.1 659.6875 0.0 661.55078125 659.4921875 660.2978515625 4
50 0.1 659.3359375 0.0 661.55078125 659.3359375 660.17578125 5
60 0.1 658.55078125 0.0 661.55078125 658.55078125 660.0358072916666 6
70 0.1 653.8984375 0.0 661.55078125 653.8984375 659.8236607142857 7
80 0.1 653.71875 0.0 661.55078125 653.71875 659.0830078125 8
90 0.1 657.16796875 0.0 661.55078125 653.71875 658.4869791666666 9
100 0.1 653.58203125 0.0 661.55078125 653.58203125 658.355078125 10
110 0.1 648.703125 0.0 661.55078125 648.703125 657.9211647727273 11
120 0.1 650.6953125 0.0 661.55078125 648.703125 657.1529947916666 12
130 0.1 645.73046875 0.0 661.55078125 645.73046875 656.65625 13
140 0.1 641.74609375 0.0 661.55078125 641.74609375 655.8758370535714 14
150 0.1 642.56640625 0.0 661.55078125 641.74609375 654.9338541666667 15
160 0.1 634.171875 0.0 661.55078125 634.171875 654.160888671875 16
170 0.1 626.89453125 0.0 661.55078125 626.89453125 652.9850643382352 17
180 0.1 628.46484375 0.0 661.55078125 626.89453125 651.5355902777778 18
190 0.1 563.296875 0.0 661.55078125 563.296875 650.3213404605264 19
200 0.1 491.41015625 0.0 661.55078125 491.41015625 645.9701171875 20
210 0.1 416.0859375 0.0 661.55078125 416.0859375 638.610119047619 21
220 0.1 381.01953125 0.0 661.55078125 381.01953125 628.4953835227273 22
230 0.1 387.76953125 0.0 661.55078125 381.01953125 617.7355638586956 23
240 0.1 403.765625 0.0 661.55078125 381.01953125 608.1536458333334 24
250 0.1 378.98046875 0.0 661.55078125 378.98046875 599.978125 25
260 0.1 641.140625 0.0 661.55078125 378.98046875 591.4782151442307 26
270 0.1 642.84375 0.0 661.55078125 378.98046875 593.3175636574074 27
280 0.1 643.078125 0.0 661.55078125 378.98046875 595.0863560267857 28
290 0.1 643.578125 0.0 661.55078125 378.98046875 596.741244612069 29
292 0.1 643.6875 0.0 661.55078125 378.98046875 598.3024739583333 30
