0 0.1 0.0 0 0.0 0.0 0 0
10 0.1 0.0 0.0 0.0 0.0 0.0 1
20 0.1 0.0 0.0 0.0 0.0 0.0 2
30 0.1 0.0 0.0 0.0 0.0 0.0 3
40 0.1 0.0 0.0 0.0 0.0 0.0 4
50 0.1 0.0 0.0 0.0 0.0 0.0 5
60 0.1 0.0 0.0 0.0 0.0 0.0 6
70 0.1 0.0 0.0 0.0 0.0 0.0 7
80 0.1 0.0 0.0 0.0 0.0 0.0 8
90 0.1 0.0 0.0 0.0 0.0 0.0 9
100 0.1 0.0 0.0 0.0 0.0 0.0 10
110 0.1 0.0 0.0 0.0 0.0 0.0 11
120 0.1 0.0 0.0 0.0 0.0 0.0 12
130 0.1 0.0 0.0 0.0 0.0 0.0 13
140 0.1 0.0 0.0 0.0 0.0 0.0 14
150 0.1 0.0 0.0 0.0 0.0 0.0 15
160 0.1 0.0 0.0 0.0 0.0 0.0 16
170 0.1 0.0 0.0 0.0 0.0 0.0 17
180 0.1 0.0 0.0 0.0 0.0 0.0 18
190 0.1 0.0 0.0 0.0 0.0 0.0 19
200 0.1 0.078125 0.0 0.078125 0.0 0.0 20
210 0.1 0.1484375 0.0 0.1484375 0.0 0.003720238095238095 21
220 0.1 0.12109375 0.0 0.1484375 0.0 0.010298295454545454 22
230 0.1 0.1796875 0.0 0.1796875 0.0 0.015115489130434782 23
240 0.1 0.21875 0.0 0.21875 0.0 0.02197265625 24
250 0.1 0.19140625 0.0 0.21875 0.0 0.02984375 25
260 0.1 0.16015625 0.0 0.21875 0.0 0.036057692307692304 26
270 0.1 0.12890625 0.0 0.21875 0.0 0.04065393518518518 27
280 0.1 0.109375 0.0 0.21875 0.0 0.04380580357142857 28
290 0.1 0.1015625 0.0 0.21875 0.0 0.04606681034482758 29
292 0.1 0.078125 0.0 0.21875 0.0 0.04791666666666667 30
