0 3.4 105.61858823529411 108.54500999886626 296.073 7.308 0 0
10 3.8 72.7038947368421 94.2263801850543 296.073 7.308 105.61858823529411 34
20 4.8 73.43379166666668 95.92831758856853 296.073 7.308 88.24694444444444 72
30 5.4 84.06583333333334 102.2872234256991 296.073 7.308 82.32168333333334 120
40 7.6 80.04938157894736 100.75200842453752 296.073 6.513 82.86297126436783 174
50 8.5 78.32588235294122 100.55935966914522 296.073 6.513 82.00764000000001 250
60 15.6 75.92707051282053 98.19826885263956 296.073 6.461 81.07346268656718 335
70 13.1 82.21053435114509 102.45163606033658 296.073 6.461 79.43835641547864 491
80 16.1 75.37922981366457 98.25067260802112 296.073 6.461 80.02220739549841 622
90 25.4 79.80335039370075 101.89638703569624 296.073 6.461 79.06752107279694 783
100 32.7 81.02847094801226 104.0435932265743 525.552 6.461 79.24775313404048 1037
110 31.4 76.03848089171973 98.77534579927098 525.552 5.992 79.67465542521994 1364
120 49.3 81.76490669371192 102.1008382078514 525.552 5.992 78.99422705601907 1678
130 66 82.3317893939395 102.93471491451714 525.552 5.992 79.6234048825426 2171
140 64.2 79.48017289719627 100.99168772318478 525.552 5.992 80.2548191451784 2831
150 102.9 84.48515160349862 104.49404528095451 525.552 5.992 80.11162222862082 3473
160 127.8 90.90171205007819 109.45890163059767 544.322 5.876 81.11125832963131 4502
170 134.9 95.44039955522624 118.04963655532083 759.964 5.876 83.27599878892735 5780
180 152.9 586.9592766514056 724.6458581715597 5169.549 5.876 85.5778330761678 7129
190 158.4 2448.241994949493 1482.9030171985048 11238.544 5.876 174.12163386463382 8658
200 175.8 4171.944283276439 2026.5880759447916 14979.862 0.885 525.8309339972658 10242
210 362.6 2696.7549856591304 3550.2728612163987 21697.793 0.835 1059.9865396666646 12000
220 418.3 2567.7865170929954 3381.510422806243 21697.793 0.835 1439.7972644310753 15626
230 434 2347.3176417050727 3029.084482355358 21697.793 0.835 1677.9909664798822 19809
240 231.9 4205.993786545919 2725.639353298723 21697.793 0.835 1798.2807412315212 24149
250 130.6 3132.098219754973 2781.165730528574 21697.793 0.835 2009.2330818724492 26468
260 0 0 0 21697.793 0.835 2062.0328899690353 27774
270 0 0 0 21697.793 0.835 2062.0328899690353 27774
280 0 0 0 21697.793 0.835 2062.0328899690353 27774
290 0 0 0 21697.793 0.835 2062.0328899690353 27774
292 0 0 0 21697.793 0.835 2062.0328899690353 27774
