0 4 89.74915 106.24009700262656 296.073 7.308 0 0
10 4.9 56.34444897959183 87.40125685409774 296.073 7.308 89.74915 40
20 6.1 57.74818032786885 89.46010628949719 296.073 7.308 71.35779775280898 89
30 6.6 68.75331818181822 97.41664786559048 296.073 7.308 65.82322 150
40 9.4 64.68665957446805 95.27186225593526 296.073 6.513 66.71852777777778 216
50 10.5 63.37506666666666 94.99166998178781 296.073 6.513 66.10241290322581 310
60 19.6 60.396571428571384 92.01166979330972 296.073 6.461 65.41236144578315 415
70 16.1 66.86122981366462 97.21893252765511 296.073 6.461 63.80336824877249 611
80 20.2 60.04741089108908 92.19566329293498 296.073 6.461 64.4410829015544 772
90 31.1 65.14869453376201 96.58781334148719 296.073 6.461 63.529869609856256 974
100 40.7 65.06944717444718 98.11231523064764 525.552 6.461 63.921663035019435 1285
110 39.6 60.29190151515153 92.45461644563231 525.552 5.992 64.19775531914892 1692
120 61 66.02427868852455 96.64581871958076 525.552 5.992 63.45698994252872 2088
130 81.9 66.31762271062277 97.29937363318199 525.552 5.992 64.03743699036322 2698
140 80.3 63.51301743462016 95.07202249249849 525.552 5.992 64.56842138185955 3517
150 127.8 67.99637402190913 98.85223670874504 525.552 5.992 64.37224328703704 4320
160 159.2 72.9562713567839 103.05217651512393 526.852 5.876 65.1996171847088 5598
170 168.9 76.18048845470697 111.08163775656047 759.964 5.876 66.91708497913767 7190
180 179.5 537.44816545961 664.6280631738999 4086.178 5.876 68.67920779367044 8879
190 189.7 2194.756148655771 1188.1175846072554 10816.02 5.876 147.5100377552932 10674
200 207.9 3672.3194627224643 1425.5327050737274 15730.15 0.885 456.44535494391835 12571
210 458.3 2141.460479816721 2911.4936769557985 17357.081 0.835 912.8141105802048 14650
220 541 1944.7250458410354 2730.9022235844527 17357.081 0.835 1205.586237144493 19233
230 564 1817.8444484042523 2524.4792599399666 17357.081 0.835 1367.8530453678543 24643
240 305.9 3290.972990519778 2287.180379430646 17357.081 0.835 1451.6608422547308 30283
250 195 1681.8446102564099 1723.7463022256209 17357.081 0.835 1620.4106431527807 33342
260 0 0 0 17357.081 0.835 1623.8050735010772 35292
270 0 0 0 17357.081 0.835 1623.8050735010772 35292
280 0 0 0 17357.081 0.835 1623.8050735010772 35292
290 0 0 0 17357.081 0.835 1623.8050735010772 35292
292 0 0 0 17357.081 0.835 1623.8050735010772 35292
