0 0.7 2444.7561428571425 560.6665571568564 3002.218 1585.374 0 0
10 1.1 2095.227909090909 563.5243956839772 3086.711 1475.693 2444.7561428571425 7
20 1.2 2115.9985833333335 401.88584794927755 3086.711 1475.693 2231.1555555555556 18
30 1.2 2294.1655833333334 634.3917948261492 3213.874 1352.226 2185.0927666666666 30
40 1.8 2250.8650000000002 444.6216935913047 3213.874 1352.226 2216.2564285714284 42
50 2.1 2480.3098571428573 563.5991660889168 3289.463 1352.226 2226.639 60
60 3.9 2379.9211794871803 585.46362152369 3373.62 1329.699 2292.4055185185184 81
70 3.3 2082.3253939393944 595.7548879484593 3373.62 1322.059 2320.8481083333336 120
80 3.9 2493.3556153846157 601.810581620318 3373.62 1322.059 2269.402032679739 153
90 5.8 2265.2061206896556 570.1737143794674 3373.62 1322.059 2314.892604166667 192
100 8.3 2334.8001445783143 615.5470743179606 3373.62 1322.059 2303.36534 250
110 7.8 2327.640166666667 575.8132191952396 3373.62 1320.064 2311.200441441442 333
120 11.8 2303.864203389831 539.3923867065225 3373.62 1312.338 2314.3203892944043 411
130 16.2 2374.7540802469134 557.1894348415195 3373.62 1312.338 2311.988007561437 529
140 16 2355.727937499999 577.0776339962165 3384.523 1312.338 2326.7030636758327 691
150 24.7 2303.015376518219 612.8005362039613 3425.836 1312.338 2332.1601492361933 851
160 31.4 2361.0309554140144 604.7149802550015 3657.357 1312.338 2325.6039025500913 1098
170 33.8 2442.5223550295873 587.7370343981066 3818.002 1312.338 2333.4821565155817 1412
180 23.5 3835.7174212765963 1554.7928906685925 8625.824 1312.338 2354.542492000001 1750
190 25.5 9196.110745098036 2221.178245064153 14975.455 1312.338 2529.8956952141066 1985
200 29.7 15040.188286195287 2279.1925929578515 21490.591 1312.338 3288.7728549107146 2240
210 96.9 12614.107011351922 7341.249735945262 29620.37 1019.305 4664.480534489555 2537
220 125.1 10854.856724220614 7601.10893439444 33903.23 1010.393 6861.624874500859 3506
230 127.8 10141.184691705794 6919.504534387525 38914.607 1010.393 7911.768461635484 4757
240 72 13286.923498611106 6974.864094014934 38914.607 1010.393 8383.880133885667 6035
250 76.3 15994.169372214941 4296.40484448343 38914.607 1010.393 8906.484311917098 6755
260 0 0 0 38914.607 1010.393 9625.811752859803 7518
270 0 0 0 38914.607 1010.393 9625.811752859803 7518
280 0 0 0 38914.607 1010.393 9625.811752859803 7518
290 0 0 0 38914.607 1010.393 9625.811752859803 7518
292 0 0 0 38914.607 1010.393 9625.811752859803 7518
