0 92.83828125 92.83828125
10 136.5734375 229.41171875
20 168.18828125 397.6
30 169.3203125 566.9203125
40 250.46640625 817.38671875
50 281.4375 1098.82421875
60 557.8234375 1656.64765625
70 444.9359375 2101.58359375
80 594.178125 2695.76171875
90 894.89765625 3590.659375
100 1239.71015625 4830.36953125
110 1289.99609375 6120.365625
120 1977.584375 8097.95
130 2795.99453125 10893.94453125
140 2926.7109375 13820.65546875
150 4905.5609375 18726.21640625
160 6663.61875 25389.83515625
170 7799.91484375 33189.75
180 8787.79765625 41977.54765625
190 9701.2921875 51678.83984375
200 10696.09609375 62374.9359375
210 10067.840625 72442.7765625
220 13303.83203125 85746.60859375
230 14972.975 100719.58359375
240 18990.240625 119709.82421875
250 14641.65 134351.47421875
260 0 134351.47421875
270 0 134351.47421875
280 0 134351.47421875
290 0 134351.47421875
292 0 134351.47421875
