0 16.66171875 16.66171875
10 23.55234375 40.2140625
20 28.8140625 69.028125
30 29.29765625 98.32578125
40 42.4984375 140.82421875
50 47.64296875 188.4671875
60 90.6671875 279.134375
70 71.8390625 350.9734375
80 93.5015625 444.475
90 140.634375 585.109375
100 184.7171875 769.8265625
110 184.15546875 953.98203125
120 275.5796875 1229.56171875
130 371.625 1601.18671875
140 368.81484375 1970.0015625
150 581.85546875 2551.85703125
160 730.5625 3282.41953125
170 777.18046875 4059.6
180 882.53671875 4942.13671875
190 941.1890625 5883.32578125
200 998.19921875 6881.525
210 1445.18515625 8326.71015625
220 1682.65546875 10009.365625
230 1777.1671875 11786.5328125
240 1215.9515625 13002.484375
250 715.2171875 13717.7015625
260 0 13717.7015625
270 0 13717.7015625
280 0 13717.7015625
290 0 13717.7015625
292 0 13717.7015625
