0 0.8 3.415999999999999 3.710920236275633 10.483 1.156 0 0
10 1.4 1.1707857142857137 0.04585096754147943 10.483 1.031 3.415999999999999 8
20 0.8 1.307875 0.3515250480051173 10.483 1.031 1.9872272727272717 22
30 1.1 1.435 0.9376992151973991 10.483 0.944 1.806066666666666 30
40 1.8 1.219611111111111 0.07841849192979423 10.483 0.944 1.7065121951219508 41
50 2.4 1.268833333333333 0.3428771240870732 10.483 0.944 1.5579661016949151 59
60 3.8 1.3879210526315788 0.9828608988045521 10.483 0.944 1.4743614457831324 83
70 3.4 1.2987352941176467 0.33285885622300915 10.483 0.944 1.4472148760330577 121
80 3.6 1.2276388888888885 0.21091917261487453 10.483 0.944 1.4146451612903224 155
90 7.1 1.4920845070422533 1.0049990785011382 10.483 0.944 1.3793979057591619 191
100 7 1.4151142857142862 0.7277647881965543 10.483 0.944 1.4099351145038164 262
110 9.2 1.3750760869565222 0.7927769607072133 10.483 0.944 1.411027108433735 332
120 12.4 1.3437419354838713 1.2407915974253758 14.669 0.944 1.4032264150943399 424
130 16.5 1.2591878787878783 0.42768440060369617 14.669 0.92 1.3897664233576643 548
140 17.6 1.2499375 0.4565401649692102 14.669 0.92 1.3595483870967742 713
150 25.2 1.3941349206349203 1.2374064008417123 14.669 0.843 1.3378481439820022 889
160 33.7 1.2122195845697332 0.39670340276434807 14.669 0.843 1.350279579316389 1141
170 31.3 1.2406070287539939 0.5741477325014347 14.669 0.843 1.3188004059539917 1478
180 51.3 1.2439376218323617 1.234322296716438 25.827 0.843 1.3051351200446677 1791
190 65.7 1.2282891933028925 0.6384506229538714 25.827 0.835 1.291509114583334 2304
200 58.3 1.1977444253859337 0.4994908744436251 25.827 0.835 1.2774815940560629 2961
210 108.5 1.2502396313364048 0.7667138614514539 25.827 0.812 1.2643645598194135 3544
220 120.6 1.1061094527363182 0.5475930928316648 25.827 0.726 1.261053791315619 4629
230 119.6 1.1423076923076936 0.5645922602866702 25.827 0.726 1.2290293059125965 5835
240 199.6 1.077281062124251 0.45320938666182814 25.827 0.726 1.2142776276489833 7031
250 248.3 1.0326802255336307 0.40538045459519934 25.827 0.694 1.1839857095380533 9027
260 241.8 1.099454094292808 0.519100259254582 25.827 0.694 1.1513452649869689 11510
270 421 1.0745268408551025 0.5674155978478145 25.827 0.67 1.1423365881677212 13928
280 494.9 0.9960214184683746 0.3450480294110565 25.827 0.67 1.1265973095159334 18138
290 502.2 1.0186413779370784 0.4172855702476787 25.827 0.669 1.0986066617576986 23087
300 140.6 0.9845206258890487 0.3700869077336469 25.827 0.669 1.0843199331175069 28109
310 0 0 0 25.827 0.669 1.079565813992885 29515
320 0 0 0 25.827 0.669 1.079565813992885 29515
323 0 0 0 25.827 0.669 1.079565813992885 29515
