0 0.1 3.8901729687940074 0 3.8901729687940074 3.8901729687940074 0 0
10 0.1 0.80040020010005 0.0 3.8901729687940074 0.80040020010005 3.8901729687940074 1
20 0.1 1.3039117352056169 0.0 3.8901729687940074 0.80040020010005 2.3452865844470288 2
30 0.1 1.255650426921145 0.0 3.8901729687940074 0.80040020010005 1.9981616346998914 3
40 0.1 1.8527791687531296 0.0 3.8901729687940074 0.80040020010005 1.8125338327552047 4
50 0.1 1.5484515484515484 0.0 3.8901729687940074 0.80040020010005 1.8205828999547897 5
60 0.1 0.6513026052104208 0.0 3.8901729687940074 0.6513026052104208 1.7752276747042497 6
70 0.1 1.2512512512512513 0.0 3.8901729687940074 0.6513026052104208 1.6146669504908455 7
80 0.1 1.2550200803212852 0.0 3.8901729687940074 0.6513026052104208 1.5692399880858963 8
90 0.1 1.8490754622688657 0.0 3.8901729687940074 0.6513026052104208 1.5343266650009395 9
100 0.1 1.7034068136272544 0.0 3.8901729687940074 0.6513026052104208 1.5658015447277323 10
110 0.1 2.1510755377688846 0.0 3.8901729687940074 0.6513026052104208 1.5783111146276887 11
120 0.1 1.7059708981435024 0.0 3.8901729687940074 0.6513026052104208 1.6260414832227885 12
130 0.1 2.1010505252626315 0.0 3.8901729687940074 0.6513026052104208 1.632189899755151 13
140 0.1 3.0045067601402105 0.0 3.8901729687940074 0.6513026052104208 1.6656799444342567 14
150 0.1 2.4524524524524525 0.0 3.8901729687940074 0.6513026052104208 1.7549350654813203 15
160 0.1 2.9573934837092732 0.0 3.8901729687940074 0.6513026052104208 1.798529902167016 16
170 0.1 4.236006051437216 0.0 4.236006051437216 0.6513026052104208 1.86669834814009 17
180 0.1 2.7610441767068274 0.0 4.236006051437216 0.6513026052104208 1.9983265538788193 18
190 0.1 4.339051463168516 0.0 4.339051463168516 0.6513026052104208 2.038469586659241 19
200 0.1 4.95199595755432 0.0 4.95199595755432 0.6513026052104208 2.153498680484705 20
210 0.1 3.9818548387096775 0.0 4.95199595755432 0.6513026052104208 2.286760455583258 21
220 0.1 6.666666666666667 0.0 6.666666666666667 0.6513026052104208 2.3638102002708226 22
230 0.1 6.5339458907605925 0.0 6.666666666666667 0.6513026052104208 2.5508909162010767 23
240 0.1 6.3720452209660845 0.0 6.666666666666667 0.6513026052104208 2.716851540141057 24
250 0.1 9.863588667366212 0.0 9.863588667366212 0.6513026052104208 2.863059287374058 25
260 0.1 11.669283097854526 0.0 11.669283097854526 0.6513026052104208 3.1323104173737564 26
270 0.1 12.31732776617954 0.0 12.31732776617954 0.6513026052104208 3.4484945907248963 27
280 0.1 19.768054823405375 0.0 19.768054823405375 0.6513026052104208 3.7652386327054193 28
290 0.1 20.096463022508036 0.0 20.096463022508036 0.6513026052104208 4.31705988066059 29
300 0.1 21.004810261892036 0.0 21.004810261892036 0.6513026052104208 4.843039985388839 30
310 0.1 4.084720121028744 0.0 21.004810261892036 0.6513026052104208 5.3643874136631355 31
320 0.1 2.004008016032064 0.0 21.004810261892036 0.6513026052104208 5.3243978107683105 32
323 0.1 1.3520280420630946 0.0 21.004810261892036 0.6513026052104208 5.223779938200545 33
