0 0.1 661.97265625 0 661.97265625 661.97265625 0 0
10 0.1 662.546875 0.0 662.546875 661.97265625 661.97265625 1
20 0.1 660.6171875 0.0 662.546875 660.6171875 662.259765625 2
30 0.1 658.52734375 0.0 662.546875 658.52734375 661.7122395833334 3
40 0.1 657.875 0.0 662.546875 657.875 660.916015625 4
50 0.1 658.12109375 0.0 662.546875 657.875 660.3078125 5
60 0.1 656.5078125 0.0 662.546875 656.5078125 659.943359375 6
70 0.1 655.39453125 0.0 662.546875 655.39453125 659.4525669642857 7
80 0.1 653.8125 0.0 662.546875 653.8125 658.9453125 8
90 0.1 654.78515625 0.0 662.546875 653.8125 658.375 9
100 0.1 662.1171875 0.0 662.546875 653.8125 658.016015625 10
110 0.1 664.71875 0.0 664.71875 653.8125 658.3888494318181 11
120 0.1 662.7734375 0.0 664.71875 653.8125 658.9163411458333 12
130 0.1 661.36328125 0.0 664.71875 653.8125 659.2130408653846 13
140 0.1 659.51953125 0.0 664.71875 653.8125 659.3666294642857 14
150 0.1 659.390625 0.0 664.71875 653.8125 659.3768229166667 15
160 0.1 659.94140625 0.0 664.71875 653.8125 659.377685546875 16
170 0.1 657.32421875 0.0 664.71875 653.8125 659.4108455882352 17
180 0.1 657.3203125 0.0 664.71875 653.8125 659.294921875 18
190 0.1 659.0 0.0 664.71875 653.8125 659.1909950657895 19
200 0.1 656.28515625 0.0 664.71875 653.8125 659.1814453125 20
210 0.1 655.375 0.0 664.71875 653.8125 659.0435267857143 21
220 0.1 654.18359375 0.0 664.71875 653.8125 658.8767755681819 22
230 0.1 653.390625 0.0 664.71875 653.390625 658.6727241847827 23
240 0.1 651.54296875 0.0 664.71875 651.54296875 658.4526367187501 24
250 0.1 650.3515625 0.0 664.71875 650.3515625 658.1762500000001 25
260 0.1 650.00390625 0.0 664.71875 650.00390625 657.8753004807694 26
270 0.1 649.15625 0.0 664.71875 649.15625 657.5837673611112 27
280 0.1 648.30078125 0.0 664.71875 648.30078125 657.2827845982144 28
290 0.1 646.484375 0.0 664.71875 646.484375 656.9730603448277 29
300 0.1 646.26171875 0.0 664.71875 646.26171875 656.6234375000001 30
310 0.1 646.65625 0.0 664.71875 646.26171875 656.2891885080646 31
320 0.1 646.81640625 0.0 664.71875 646.26171875 655.9881591796876 32
323 0.1 647.4375 0.0 664.71875 646.26171875 655.7102272727274 33
