0 0.1 0.19140625 0 0.19140625 0.19140625 0 0
10 0.1 0.16015625 0.0 0.19140625 0.16015625 0.19140625 1
20 0.1 0.140625 0.0 0.19140625 0.140625 0.17578125 2
30 0.1 0.12109375 0.0 0.19140625 0.12109375 0.1640625 3
40 0.1 0.1015625 0.0 0.19140625 0.1015625 0.1533203125 4
50 0.1 0.078125 0.0 0.19140625 0.078125 0.14296875 5
60 0.1 0.0703125 0.0 0.19140625 0.0703125 0.13216145833333334 6
70 0.1 0.05859375 0.0 0.19140625 0.05859375 0.12332589285714286 7
80 0.1 0.05078125 0.0 0.19140625 0.05078125 0.115234375 8
90 0.1 0.0390625 0.0 0.19140625 0.0390625 0.10807291666666667 9
100 0.1 0.03125 0.0 0.19140625 0.03125 0.101171875 10
110 0.1 0.03125 0.0 0.19140625 0.03125 0.09481534090909091 11
120 0.1 0.01953125 0.0 0.19140625 0.01953125 0.08951822916666667 12
130 0.1 0.01953125 0.0 0.19140625 0.01953125 0.08413461538461539 13
140 0.1 0.01953125 0.0 0.19140625 0.01953125 0.07952008928571429 14
150 0.1 0.01171875 0.0 0.19140625 0.01171875 0.07552083333333333 15
160 0.1 0.01171875 0.0 0.19140625 0.01171875 0.071533203125 16
170 0.1 0.078125 0.0 0.19140625 0.01171875 0.06801470588235294 17
180 0.1 0.0703125 0.0 0.19140625 0.01171875 0.0685763888888889 18
190 0.1 0.05859375 0.0 0.19140625 0.01171875 0.06866776315789473 19
200 0.1 0.05078125 0.0 0.19140625 0.01171875 0.0681640625 20
210 0.1 0.0390625 0.0 0.19140625 0.01171875 0.06733630952380952 21
220 0.1 0.03125 0.0 0.19140625 0.01171875 0.06605113636363637 22
230 0.1 0.03125 0.0 0.19140625 0.01171875 0.06453804347826086 23
240 0.1 0.1015625 0.0 0.19140625 0.01171875 0.06315104166666667 24
250 0.1 0.078125 0.0 0.19140625 0.01171875 0.0646875 25
260 0.1 0.0703125 0.0 0.19140625 0.01171875 0.06520432692307691 26
270 0.1 0.05859375 0.0 0.19140625 0.01171875 0.0653935185185185 27
280 0.1 0.05078125 0.0 0.19140625 0.01171875 0.06515066964285712 28
290 0.1 0.0390625 0.0 0.19140625 0.01171875 0.0646551724137931 29
300 0.1 0.26171875 0.0 0.26171875 0.01171875 0.06380208333333333 30
310 0.1 0.21875 0.0 0.26171875 0.01171875 0.07018649193548387 31
320 0.1 0.19140625 0.0 0.26171875 0.01171875 0.0748291015625 32
323 0.1 0.16015625 0.0 0.26171875 0.01171875 0.07836174242424243 33
