0 0.5 1474.52 110.59984339410248 1589.99 1303.102 0 0
10 0.7 4052.2311428571434 1438.9737568089904 5738.733 1303.102 1474.52 5
20 1.8 6460.492999999998 1648.3912473570167 9022.839 1303.102 2978.1848333333332 12
30 0.5 1619.6718 340.56667311902385 9022.839 1096.288 5067.569733333332 30
40 1.1 6041.892454545456 1725.8553184993316 9022.839 1096.288 4575.0128857142845 35
50 1.5 9340.969333333334 2372.5048440646765 14592.893 1096.288 4925.7884347826075 46
60 2.6 8510.92426923077 2469.5849613076775 14592.893 1096.288 6011.488655737704 61
70 4.5 8746.14635555556 3201.7851818064887 14592.893 1096.288 6758.446425287357 87
80 2.7 10056.47474074074 2638.685091258152 14594.671 1096.288 7436.071401515153 132
90 3.6 9543.118833333334 2904.70167315352 15249.439 1096.288 7881.045553459121 159
100 8.1 8741.826580246914 1843.6691581388504 15249.439 1096.288 8187.889851282052 195
110 7.3 8879.67563013699 2516.7964256379933 16034.645 1096.288 8350.458239130436 276
120 6.9 9048.87285507247 2281.2550129372908 16034.645 1096.288 8461.154140401148 349
130 11.3 10640.783398230098 2398.110888190495 16504.572 1.875 8558.169909090911 418
140 16.5 5793.569242424242 7444.0123010755415 21532.638 1.571 9001.362610169495 531
150 25.3 5549.494873517791 8926.563681701162 24018.951 1.481 8240.89435488506 696
160 33.6 6528.653499999993 10681.689463703926 30731.289 1.481 7523.376895679666 949
170 31.5 5080.311165079366 9848.15616360655 31929.84 1.481 7263.278015564202 1285
180 51.1 3339.608913894325 8524.11838384949 31929.84 1.474 6833.5064168750005 1600
190 65.8 3590.225676291797 8749.71071104665 36835.703 1.474 5987.754818569399 2111
200 58.8 2689.8766802721084 7814.842500591801 36835.703 1.474 5418.027777898159 2769
210 107.9 1939.2925940685761 6768.179354035626 37416.645 1.459 4940.174681263034 3357
220 120.6 1722.5176948590372 6404.033826768602 37416.645 1.351 4210.248673128945 4436
230 119.5 1294.8691732217583 5424.223020160111 37416.645 1.351 3678.486255583126 5642
240 199.7 1129.4764356534815 5158.899874018898 37416.645 1.351 3261.867502705865 6837
250 248.1 505.58733091495264 3620.3524092250323 37416.645 1.327 2779.8225671270093 8834
260 242 870.5707438016524 4839.648806039452 37416.645 1.327 2281.1590566504638 11315
270 421 531.1127828978632 3767.2603191343287 37416.645 1.327 2032.6243848562065 13735
280 495 360.9952268686854 3075.842073997419 37416.645 1.301 1680.3611447199776 17945
290 502.1 443.2547030472029 3273.5424789673903 37416.645 1.297 1395.1084129722642 22895
300 146.6 1308.4474147339668 5486.911846821646 37416.645 1.297 1223.9070418039832 27916
310 8.6 24382.121197674427 3544.55812270546 37416.645 1.297 1228.1251408685587 29382
320 4.7 25624.878851063837 2386.427973644182 37416.645 1.297 1295.6982256006513 29468
323 0 0 0 37416.645 1.297 1334.4402716584784 29515
