0 0.6 1627.0514999999998 349.66668166734166 2374.994 1305.003 0 0
10 0.9 5113.951111111111 1901.9193079693323 8556.333 1305.003 1627.0514999999998 6
20 1.5 6420.2682 1598.8884833245957 9024.795 1305.003 3719.1912666666667 15
30 0.7 2191.976428571428 1266.2167265352614 9024.795 1098.366 5069.729733333333 30
40 1 6868.313500000001 1440.0665022187861 9434.358 1098.366 4525.289918918918 37
50 1.4 9336.450642857144 2455.66745590314 14594.969 1098.366 5023.805574468085 47
60 2.9 8975.004758620687 2706.098516607687 14594.969 1098.366 6013.592967213114 61
70 4.3 8397.257767441864 3079.9095596229045 14594.969 1098.366 6967.8256555555545 90
80 2.6 10200.985730769233 2585.0156328432163 14596.647 1098.366 7429.972879699249 133
90 3.6 9545.132083333336 2904.721400254921 15251.591 1098.366 7883.094477987422 159
100 8.1 8743.82022222222 1843.6910487451823 15251.591 1098.366 8189.932189743591 195
110 7.6 8875.92051315789 2466.9158082167273 16037.396 1098.366 8352.486286231884 276
120 6.6 9065.149984848482 2331.407849790444 16037.396 1098.366 8465.500494318181 352
130 11.3 10642.765637168137 2398.121945899519 16506.643 3.821 8560.181992822965 418
140 16.7 5726.214431137723 7426.08630830816 21534.67 3.347 9003.368342749527 531
150 25.9 5422.996077220073 8861.917978496396 24021.039 3.244 8219.292836676215 698
160 33.4 6569.757119760472 10701.646064512128 30733.308 3.244 7462.51032810867 957
170 31.1 5147.642379421222 9894.313574715763 31931.825 3.244 7231.542418280398 1291
180 51.5 3315.7363281553435 8495.98933640799 31931.825 2.845 6826.9900387016205 1602
190 65.5 3608.689175572518 8766.326373519627 36837.593 2.845 5972.8116443079825 2117
200 58.9 2687.3416010186784 7808.9815716694975 36837.593 2.845 5414.1896323953815 2772
210 107.7 1944.9343528319384 6773.943301391643 37418.706 2.845 4936.321887533472 3361
220 120.5 1725.9882556016605 6406.497885362443 37418.706 2.797 4210.381289319513 4438
230 125.4 1270.2068740031934 5362.653770985152 37418.706 2.797 3679.866739323055 5643
240 205.8 1087.8406550048571 5066.260489867501 37418.706 2.797 3241.7467638103526 6897
250 245.6 526.8643196254075 3698.265455963428 37418.706 2.797 2746.7452259073143 8955
260 241.9 1031.9086469615518 5244.280850672828 37418.706 2.797 2268.9582216282533 11411
270 434.3 415.4603410085205 3325.6223668900857 37418.706 2.797 2052.586354591467 13830
280 490.3 366.4863644707322 3090.3484012894532 37418.706 2.797 1661.344497056072 18173
290 504 497.0533015873019 3455.525129407149 37418.706 2.797 1386.2236171780203 23076
300 126.7 1319.9045240726132 5496.023101899748 37418.706 2.797 1226.833291720017 28116
310 8.5 24421.57137647058 3548.47660001869 37418.706 2.797 1230.8465392233604 29383
320 4.7 25627.012638297874 2386.433505733917 37418.706 2.797 1297.7398340233474 29468
323 0 0 0 37418.706 2.797 1336.4820268676942 29515
