0 0.675 0.675
10 1.18125 1.85625
20 0.675 2.53125
30 0.928125 3.459375
40 1.51875 4.978125
50 2.025 7.003125
60 3.20625 10.209375
70 2.86875 13.078125
80 3.0375 16.115625
90 5.990625 22.10625
100 5.90625 28.0125
110 7.7625 35.775
120 10.4625 46.2375
130 13.921875 60.159375
140 14.85 75.009375
150 21.2625 96.271875
160 28.434375 124.70625
170 26.409375 151.115625
180 43.284375 194.4
190 55.434375 249.834375
200 49.190625 299.025
210 91.546875 390.571875
220 101.75625 492.328125
230 100.9125 593.240625
240 168.4125 761.653125
250 209.503125 971.15625
260 204.01875 1175.175
270 355.21875 1530.39375
280 417.571875 1947.965625
290 423.73125 2371.696875
300 118.63125 2490.328125
310 0 2490.328125
320 0 2490.328125
323 0 2490.328125
