0 12626.85859375 12626.85859375
10 22184.31875 34811.17734375
20 40958.078125 75769.25546875
30 14674.88203125 90444.1375
40 27783.17421875 118227.31171875
50 29494.45703125 147721.76875
60 26512.73671875 174234.50546875
70 33353.0453125 207587.55078125
80 37491.60546875 245079.15625
90 25293.4765625 270372.6328125
100 35457.4875 305830.1203125
110 31148.87734375 336978.99765625
120 27116.4875 364095.48515625
130 45577.71015625 409673.1953125
140 24474.375 434147.5703125
150 30030.78671875 464178.35703125
160 41402.3296875 505580.68671875
170 24584.39140625 530165.078125
180 31795.703125 561960.78125
190 37667.953125 599628.734375
200 23826.109375 623454.84375
210 33525.29453125 656980.13828125
220 39556.37421875 696536.5125
230 26027.47578125 722563.98828125
240 36832.71484375 759396.703125
250 30135.43984375 789532.14296875
260 27568.221875 817100.36484375
270 39884.54765625 856984.9125
280 26538.66640625 883523.57890625
290 40302.96953125 923826.5484375
300 29653.396875 953479.9453125
310 36695.2921875 990175.2375
320 31652.40625 1021827.64375
323 0 1021827.64375
