0 0.8 5.315750000000001 10.639018173097556 33.453 0.918 0 0
10 1.1 1.454090909090909 0.3580872048551746 33.453 0.918 5.315750000000001 8
20 0.4 1.903 1.03265458891151 33.453 0.918 3.080052631578948 19
30 0.9 1.269777777777778 0.25340954019477724 33.453 0.894 2.875347826086957 23
40 2.1 1.3866190476190479 0.4567819607177896 33.453 0.869 2.42378125 32
50 1.7 1.3130000000000002 0.29524187491933174 33.453 0.869 2.0128301886792452 53
60 3 2.1723666666666666 3.7527973165212223 33.453 0.869 1.8428714285714287 70
70 3.9 1.4386410256410256 0.7640603240776982 33.453 0.826 1.94172 100
80 3.8 1.4751052631578945 0.7466482223022003 33.453 0.791 1.8005683453237409 139
90 6.1 1.3894426229508197 0.6211792203197517 33.453 0.791 1.730694915254237 177
100 7.5 1.3785199999999997 0.4698434167535676 33.453 0.75 1.6432310924369746 238
110 8.7 1.3441034482758625 0.355785775480255 33.453 0.75 1.5798019169329072 313
120 13.5 1.4449185185185183 0.8639122044886689 33.453 0.696 1.5285374999999999 400
130 16.4 1.4441951219512197 1.2090606658206777 33.453 0.696 1.50743738317757 535
140 14.6 1.411760273972603 0.6664221409352276 33.453 0.696 1.4925994277539343 699
150 26.3 1.4651064638783273 0.8958989474414284 33.453 0.69 1.4786319526627218 845
160 30.6 1.4867254901960794 1.5476113356437382 33.453 0.69 1.4754214801444043 1108
170 32.7 1.3778042813455658 0.7591962865093319 33.453 0.69 1.4778677510608207 1414
180 49.6 1.419816532258065 1.402630765786175 33.453 0.661 1.4590735209649628 1741
190 63.1 1.344835182250396 0.9638311733285035 33.453 0.661 1.4503692445239162 2237
200 68.9 1.288386066763425 0.5379883096725487 33.453 0.661 1.427150278940028 2868
210 112.5 1.282751111111113 0.873251966851421 33.453 0.626 1.4002712960359855 3557
220 121.1 1.2420148637489663 0.5301727634945876 33.453 0.553 1.3720333190944045 4682
230 131.5 1.2561581749049424 0.47833249894130836 33.453 0.553 1.3453147802477514 5893
240 37.8 1.509825396825397 0.9776152802510804 33.453 0.553 1.3290493895671474 7208
