0 0.1 689.88671875 0 689.88671875 689.88671875 0 0
10 0.1 689.359375 0.0 689.88671875 689.359375 689.88671875 1
20 0.1 685.35546875 0.0 689.88671875 685.35546875 689.623046875 2
30 0.1 681.59375 0.0 689.88671875 681.59375 688.2005208333334 3
40 0.1 684.87890625 0.0 689.88671875 681.59375 686.548828125 4
50 0.1 681.5625 0.0 689.88671875 681.5625 686.21484375 5
60 0.1 673.203125 0.0 689.88671875 673.203125 685.439453125 6
70 0.1 671.09765625 0.0 689.88671875 671.09765625 683.69140625 7
80 0.1 662.0703125 0.0 689.88671875 662.0703125 682.1171875 8
90 0.1 656.171875 0.0 689.88671875 656.171875 679.8897569444445 9
100 0.1 652.08203125 0.0 689.88671875 652.08203125 677.51796875 10
110 0.1 634.87890625 0.0 689.88671875 634.87890625 675.2056107954545 11
120 0.1 628.9921875 0.0 689.88671875 628.9921875 671.8450520833334 12
130 0.1 614.203125 0.0 689.88671875 614.203125 668.5486778846154 13
140 0.1 581.109375 0.0 689.88671875 581.109375 664.6668526785714 14
150 0.1 561.59765625 0.0 689.88671875 561.59765625 659.0963541666666 15
160 0.1 537.2890625 0.0 689.88671875 537.2890625 653.002685546875 16
170 0.1 478.96484375 0.0 689.88671875 478.96484375 646.1960018382352 17
180 0.1 442.5625 0.0 689.88671875 442.5625 636.9053819444445 18
190 0.1 412.94140625 0.0 689.88671875 412.94140625 626.6768092105264 19
200 0.1 289.89453125 0.0 689.88671875 289.89453125 615.9900390625 20
210 0.1 178.16015625 0.0 689.88671875 178.16015625 600.461681547619 21
220 0.1 99.81640625 0.0 689.88671875 99.81640625 581.2661576704545 22
230 0.1 50.30078125 0.0 689.88671875 50.30078125 560.3335597826087 23
240 0.1 21.9375 0.0 689.88671875 21.9375 539.0821940104167 24
