0 0.1 0.28125 0 0.28125 0.28125 0 0
10 0.1 0.23046875 0.0 0.28125 0.23046875 0.28125 1
20 0.1 0.19921875 0.0 0.28125 0.19921875 0.255859375 2
30 0.1 0.171875 0.0 0.28125 0.171875 0.23697916666666666 3
40 0.1 0.140625 0.0 0.28125 0.140625 0.220703125 4
50 0.1 0.12109375 0.0 0.28125 0.12109375 0.2046875 5
60 0.1 0.1015625 0.0 0.28125 0.1015625 0.19075520833333334 6
70 0.1 0.078125 0.0 0.28125 0.078125 0.17801339285714285 7
80 0.1 0.0703125 0.0 0.28125 0.0703125 0.16552734375 8
90 0.1 0.05859375 0.0 0.28125 0.05859375 0.15494791666666666 9
100 0.1 0.05078125 0.0 0.28125 0.05078125 0.1453125 10
110 0.1 0.0390625 0.0 0.28125 0.0390625 0.13671875 11
120 0.1 0.109375 0.0 0.28125 0.0390625 0.12858072916666666 12
130 0.1 0.08984375 0.0 0.28125 0.0390625 0.1271033653846154 13
140 0.1 0.078125 0.0 0.28125 0.0390625 0.12444196428571429 14
150 0.1 0.05859375 0.0 0.28125 0.0390625 0.12135416666666667 15
160 0.1 0.140625 0.0 0.28125 0.0390625 0.117431640625 16
170 0.1 0.109375 0.0 0.28125 0.0390625 0.11879595588235294 17
180 0.1 0.1015625 0.0 0.28125 0.0390625 0.11827256944444445 18
190 0.1 0.08984375 0.0 0.28125 0.0390625 0.11739309210526316 19
200 0.1 0.1484375 0.0 0.28125 0.0390625 0.116015625 20
210 0.1 0.26953125 0.0 0.28125 0.0390625 0.11755952380952381 21
220 0.1 0.30859375 0.0 0.30859375 0.0390625 0.12446732954545454 22
230 0.1 0.421875 0.0 0.421875 0.0390625 0.1324728260869565 23
240 0.1 0.48046875 0.0 0.48046875 0.0390625 0.14453125 24
