0 1.7 98.48511764705881 96.13103483320985 282.092 8.138 0 0
10 4.8 72.73870833333335 93.11918159160297 294.337 8.138 98.48511764705881 17
20 5.9 51.10028813559322 80.30791855421359 294.337 7.972 79.47238461538461 65
30 5 46.43842000000001 76.21217809276678 294.337 7.972 65.97275806451613 124
40 8.6 61.17368604651164 94.04519964843001 294.337 7.416 60.35944252873564 174
50 12.6 54.69790476190476 86.80477412959115 294.337 7.416 60.628769230769244 260
60 14.6 46.99307534246576 80.39420301965531 294.337 7.416 58.69278756476685 386
70 22.7 60.040814977973575 93.26103835427371 294.337 7.119 55.4819642857143 532
80 26.7 43.04211235955058 75.95495394905527 294.337 7.119 56.845415019762854 759
90 29.5 52.96124745762709 87.4107010630197 294.337 6.607 53.253327485380126 1026
100 44.3 53.12493002257337 87.6718110065926 294.337 6.57 53.188101438304315 1321
110 54.7 49.9384954296161 84.62390070589649 294.337 6.569 53.17223696145125 1764
120 70.4 52.247916193181844 87.63626447901187 294.337 6.569 52.40682951103419 2311
130 94.2 52.59879936305738 88.05095587947865 294.337 6.182 52.36972338308458 3015
140 109.6 50.08424908759137 85.04172943378144 294.337 6.182 52.42425701288857 3957
150 129.6 55.867645833333256 91.5688120004974 394.431 6.103 51.91670730259256 5053
160 178.6 61.3140195968645 98.71989142728277 548.639 6.103 52.72319908647033 6349
170 217.8 65.69808907254357 107.26321051555861 716.455 6.103 54.60927228027045 8135
180 245.8 160.97975305126096 247.78188243189524 2022.047 6.103 56.951116842819744 10313
190 278.9 818.307962352099 667.4861205738608 3831.28 6.103 76.97322848641448 12771
200 294.7 1909.8194570749902 869.5244033034118 5531.934 6.103 209.85128586118276 15560
210 431.6 2178.282132761805 1608.09632695714 8078.121 0.576 480.54919479116006 18507
220 728.1 1377.0148412305964 1814.6952012545412 8554.194 0.546 801.6031912106187 22823
230 908.2 1185.2179349262267 1505.6200937893866 8554.194 0.53 940.7731428381584 30104
240 749.9 1281.2640280037347 1388.8976707786296 8554.194 0.53 997.4272438370823 39186
