0 1.7 98.48511764705881 96.13103483320985 282.092 8.138 0 0
10 5.2 67.13365384615383 91.40375679513829 294.337 8.108 98.48511764705881 17
20 7.8 38.62896153846155 72.72671866008133 294.337 7.802 74.85792753623187 69
30 6.9 33.62434782608697 67.60066724733429 294.337 7.633 55.63439455782313 147
40 9.1 57.80734065934066 92.41621775284409 294.337 7.416 48.60340740740741 216
50 16 43.05330625000001 79.94585207806256 294.337 6.805 51.33160912052117 307
60 18.4 37.26842934782608 73.80801602656462 294.337 6.619 48.49535974304069 467
70 26.5 51.41750566037738 88.66305006663086 294.337 6.619 45.322156682027654 651
80 34.8 33.001686781609216 68.58745553643345 294.337 6.619 47.08554912663757 916
90 36.1 43.26003324099724 81.40664441893021 294.337 6.607 43.208030063291154 1264
100 52.8 44.550276515151516 82.45798193358787 294.337 6.57 43.219582769230776 1625
110 69.3 39.39858152958151 77.6400089917965 294.337 6.118 43.54592104040874 2153
120 86.5 42.50415144508679 81.40107853202606 294.337 6.118 42.53604532677442 2846
130 114.3 43.34099737532814 82.20569920072742 294.337 6.118 42.52861115602266 3711
140 139.3 39.379140703517635 77.90526189800849 294.337 6.105 42.71990852904824 4854
150 162.2 44.61881011097396 84.387680959682 394.431 5.925 41.97496062109816 6247
160 212.9 51.42185767966189 92.70683126971961 548.639 5.51 42.51992489515821 7869
170 275.5 51.91772123411966 97.35259070536381 716.455 5.326 44.41552550510104 9998
180 308.9 131.64930009711819 223.88370239393285 2022.047 5.326 46.03620685328941 12753
190 329.9 720.8891367080928 598.959367005761 3118.258 5.326 62.729733240752296 15842
200 355.3 1634.7152735716313 614.4642146251299 3750.728 5.326 176.1651792487329 19141
210 507.5 1843.478636256157 1286.4584785542459 5044.309 0.537 404.5175404512207 22694
220 849.9 1174.2331396634895 1594.0656573562906 5331.818 0.537 667.498834743779 27769
230 1134.9 946.0680385937079 1283.2215869489505 5367.926 0.518 786.246349288629 36268
240 1006.4 973.4624824125608 1173.7385149582592 5367.926 0.518 824.3381306256166 47617
