0 1.2 2.085583333333333 2.789695875250363 11.333 1.145 0 0
10 0.9 1.1954444444444445 0.1397458893143083 11.333 1.042 2.085583333333333 12
20 0.9 1.1772222222222222 0.09859657169809345 11.333 1.042 1.704095238095238 21
30 1.5 1.152 0.047752137822998766 11.333 1.042 1.5460333333333334 30
40 2 1.2155 0.22756570479753754 11.333 1.042 1.4146888888888889 45
50 2.3 1.2824782608695655 0.5202074727883113 11.333 1.042 1.3534000000000002 65
60 3.5 1.8692000000000004 3.4638772891495044 21.838 1.042 1.3348636363636366 88
70 3.9 1.1642564102564104 0.12197850124755966 21.838 1.001 1.4869105691056914 123
80 3.9 1.2256153846153846 0.27911192639445076 21.838 1.0 1.4092345679012348 162
90 6.8 1.2929117647058825 0.6019310038459585 21.838 0.955 1.3736069651741294 201
100 9.5 1.2888842105263159 0.48503601305595745 21.838 0.955 1.3532081784386618 269
110 8 1.2347124999999994 0.3535880439773806 21.838 0.955 1.3364203296703299 364
120 16.9 1.3274023668639054 1.2893369807522106 21.838 0.896 1.3180945945945948 444
130 15.8 1.2117594936708846 0.5088312300141555 21.838 0.881 1.3206606851549756 613
140 15.3 1.2815620915032684 0.4696193957489399 21.838 0.881 1.2983437094682229 771
150 30.6 1.2818986928104572 0.6834009145430602 21.838 0.881 1.295564935064935 924
160 31.2 1.1207339743589753 0.4012492068842383 21.838 0.881 1.2921650406504064 1230
170 31.2 1.14229487179487 0.3473561446926669 21.838 0.867 1.25747859922179 1542
180 60.4 1.209228476821194 0.9368203854279161 21.838 0.858 1.2380949298813375 1854
190 63.2 1.1185300632911381 0.3998744411892961 21.838 0.858 1.2310016273393007 2458
200 59.6 1.198105704697988 0.8206485591399423 21.838 0.858 1.2079977346278319 3090
210 135.5 1.3038981549815492 0.9516429250439812 21.838 0.76 1.2063982637004886 3686
220 159.1 1.0780659962287873 0.3927114963179541 21.838 0.76 1.2326058321761557 5041
230 163.8 1.0691080586080564 0.41067538692636835 21.838 0.76 1.195532117008444 6632
240 7.6 1.2272236842105264 1.1202134500395826 21.838 0.76 1.1704918984280528 8270
245 0 0 0 21.838 0.76 1.1710085070692544 8346
