0 0.1 2.0498370422435035 0 2.0498370422435035 2.0498370422435035 0 0
10 0.1 0.7000000000000001 0.0 2.0498370422435035 0.7000000000000001 2.0498370422435035 1
20 0.1 0.19990004997501248 0.0 2.0498370422435035 0.19990004997501248 1.3749185211217518 2
30 0.1 0.2001000500250125 0.0 2.0498370422435035 0.19990004997501248 0.9832456974061721 3
40 0.1 0.35035035035035034 0.0 2.0498370422435035 0.19990004997501248 0.7874592855608822 4
50 0.1 0.35052578868302453 0.0 2.0498370422435035 0.19990004997501248 0.7000374985187758 5
60 0.1 0.45090180360721444 0.0 2.0498370422435035 0.19990004997501248 0.6417855468794839 6
70 0.1 0.7003501750875438 0.0 2.0498370422435035 0.19990004997501248 0.614516440697731 7
80 0.1 0.9495252373813095 0.0 2.0498370422435035 0.19990004997501248 0.6252456574964577 8
90 0.1 0.5524861878453038 0.0 2.0498370422435035 0.19990004997501248 0.6612767219281079 9
100 0.1 1.6475287069395907 0.0 2.0498370422435035 0.19990004997501248 0.6503976685198275 10
110 0.1 1.5992003998000999 0.0 2.0498370422435035 0.19990004997501248 0.741045944739806 11
120 0.1 1.3527054108216432 0.0 2.0498370422435035 0.19990004997501248 0.8125588159948305 12
130 0.1 2.3523523523523524 0.0 2.3523523523523524 0.19990004997501248 0.8541085540584314 13
140 0.1 2.3618090452261304 0.0 2.3618090452261304 0.19990004997501248 0.9611259682222829 14
150 0.1 2.905811623246493 0.0 2.905811623246493 0.19990004997501248 1.0545048400225394 15
160 0.1 4.407294832826747 0.0 4.407294832826747 0.19990004997501248 1.1702115139740366 16
170 0.1 5.9989832231825115 0.0 5.9989832231825115 0.19990004997501248 1.360628179788902 17
180 0.1 6.21840242669363 0.0 6.21840242669363 0.19990004997501248 1.618314571088547 18
190 0.1 8.251676121712222 0.0 8.251676121712222 0.19990004997501248 1.8604244582256566 19
200 0.1 10.35015447991761 0.0 10.35015447991761 0.19990004997501248 2.179987041399985 20
210 0.1 9.834368530020704 0.0 10.35015447991761 0.19990004997501248 2.569042633710348 21
220 0.1 16.811003565970452 0.0 16.811003565970452 0.19990004997501248 2.899284719906273 22
230 0.1 20.673329826407155 0.0 20.673329826407155 0.19990004997501248 3.5041420610394978 23
240 0.1 19.590336134453782 0.0 20.673329826407155 0.19990004997501248 4.219524884596484 24
245 0.1 7.335710646968925 0.0 20.673329826407155 0.19990004997501248 4.834357334590775 25
