0 0.1 677.765625 0 677.765625 677.765625 0 0
10 0.1 675.38671875 0.0 677.765625 675.38671875 677.765625 1
20 0.1 675.265625 0.0 677.765625 675.265625 676.576171875 2
30 0.1 674.7578125 0.0 677.765625 674.7578125 676.1393229166666 3
40 0.1 677.18359375 0.0 677.765625 674.7578125 675.7939453125 4
50 0.1 675.3984375 0.0 677.765625 674.7578125 676.071875 5
60 0.1 673.984375 0.0 677.765625 673.984375 675.9596354166666 6
70 0.1 670.96875 0.0 677.765625 670.96875 675.6774553571429 7
80 0.1 669.18359375 0.0 677.765625 669.18359375 675.0888671875 8
90 0.1 669.86328125 0.0 677.765625 669.18359375 674.4327256944445 9
100 0.1 660.17578125 0.0 677.765625 660.17578125 673.97578125 10
110 0.1 640.84765625 0.0 677.765625 640.84765625 672.7212357954545 11
120 0.1 627.6328125 0.0 677.765625 627.6328125 670.0651041666666 12
130 0.1 613.94921875 0.0 677.765625 613.94921875 666.8010817307693 13
140 0.1 608.1484375 0.0 677.765625 608.1484375 663.0259486607143 14
150 0.1 604.64453125 0.0 677.765625 604.64453125 659.3674479166667 15
160 0.1 605.2265625 0.0 677.765625 604.64453125 655.947265625 16
170 0.1 595.625 0.0 677.765625 595.625 652.9636948529412 17
180 0.1 610.296875 0.0 677.765625 595.625 649.7782118055555 18
190 0.1 601.4375 0.0 677.765625 595.625 647.7002467105264 19
200 0.1 600.33984375 0.0 677.765625 595.625 645.387109375 20
210 0.1 598.19140625 0.0 677.765625 595.625 643.2420014880952 21
220 0.1 583.18359375 0.0 677.765625 583.18359375 641.1942471590909 22
230 0.1 575.77734375 0.0 677.765625 575.77734375 638.6720448369565 23
240 0.1 576.13671875 0.0 677.765625 575.77734375 636.0514322916666 24
245 0.1 660.3203125 0.0 677.765625 575.77734375 633.65484375 25
