0 3.8 97.3827894736842 92.83793335251602 241.846 8.307 0 0
10 4.1 75.90929268292685 82.01276642745972 241.846 7.999 97.3827894736842 38
20 3.9 80.484 83.94520878128382 241.846 7.169 86.23831645569621 79
30 5.4 98.4348148148148 96.5590001308112 264.167 7.169 84.33646610169491 118
40 6.9 114.30265217391303 118.78587847666583 447.845 6.925 88.76269186046511 172
50 8.5 90.6347882352941 92.62410881826978 447.845 6.925 96.07496265560165 241
60 12.6 100.19034126984128 98.1064041068694 447.845 6.925 94.65651226993864 326
70 15.4 186.82520129870127 228.8494819258833 1557.801 6.925 96.19912831858407 452
80 14.2 131.38316197183104 133.26902522646358 1557.801 6.925 119.22951650165017 606
90 19.8 499.3637424242424 510.810677570615 2426.763 6.925 121.53675935828879 748
100 23 1970.5462304347832 1283.6150948329732 6701.267 6.925 200.61682558139535 946
110 21.7 4462.208216589863 2600.238564240469 11376.079 6.925 546.7764880952382 1176
120 49.6 2930.5028749999988 3785.0310304451336 14146.966 0.578 1156.7181141421395 1393
130 67.4 2664.7029658753695 4403.90645308084 17746.659 0.572 1622.4657273689782 1889
140 60.5 3922.7597768595065 4892.689095606808 19090.859 0.572 1896.5460624268428 2563
150 105.4 1679.8889535104365 3161.304521538772 19090.859 0.572 2283.4965981691917 3168
160 126.9 1538.7237785658006 3411.72237357198 19090.859 0.558 2132.8091378493605 4222
170 130.5 1490.859049808427 2859.0392014271124 19090.859 0.558 1995.5127763613186 5491
180 202.8 910.739176035502 2300.506821282146 19090.859 0.558 1898.6067856091815 6796
190 256.2 850.9506600312238 2354.6522304236396 19090.859 0.555 1671.56740299184 8824
200 248.9 778.1900847730026 1849.0188720314668 19090.859 0.555 1486.9178249604772 11386
210 411.3 501.5178149769034 1529.097181313504 19090.859 0.555 1359.781007279279 13875
220 511.2 378.7631115023473 1169.1491533558035 19090.859 0.555 1163.5370385256838 17988
230 502.7 406.15204754326766 1255.214457483091 19090.859 0.555 989.8675876623378 23100
240 165.4 1065.9477309552567 1469.1932012472048 19090.859 0.555 885.5429878053119 28127
245 1.9 38.746789473684224 11.286089974080793 19090.859 0.555 895.5624446794938 29781
