0 7.3 50.96565753424656 80.35924352355013 241.846 5.876 0 0
10 9.8 31.444673469387755 62.804761479894495 241.846 5.544 50.96565753424656 73
20 9.1 34.420736263736245 65.21399894309673 241.846 5.544 39.77819298245613 171
30 11.4 46.5693947368421 78.85156102601213 242.261 5.532 37.91739694656487 262
40 14.3 55.28690909090908 96.98393054961156 447.845 5.532 40.540609042553186 376
50 18 42.58808333333337 75.617746234368 447.845 5.532 44.603655105973026 519
60 27.1 46.52100000000005 78.95086259144719 447.845 5.532 44.08462374821174 699
70 33.6 85.56231250000009 134.74769278643853 803.331 5.532 44.76530206185569 970
80 32.3 58.46044582043342 94.64200403001153 803.331 5.467 55.26131699846865 1306
90 39.5 275.9588379746833 278.0159502974907 1143.244 5.467 55.89564395334564 1629
100 44.2 1331.3371515837116 630.1066933495773 2925.624 5.467 98.84275938735175 2024
110 42.5 2600.085661176472 775.537049442967 4858.389 5.467 319.7521354420116 2466
120 99.7 1641.2359077231677 1747.411134522732 5225.914 0.578 654.9793054306473 2891
130 150.3 1320.811521623419 2166.246395206357 6797.952 0.56 907.8851265432097 3888
140 139.8 1535.6969012875581 1692.464532836351 6797.952 0.56 1023.0081782600627 5391
150 214.8 809.1879394785815 1572.489013334309 6797.952 0.56 1128.5817288260428 6789
160 282.8 709.3179077086301 1645.0348866888671 7216.753 0.558 1051.8157156764012 8937
170 302.8 630.064669088507 1212.96094777557 7216.753 0.558 969.4881507862306 11765
180 408 420.0584144607856 1115.2904147121753 7216.753 0.557 900.0110803758536 14793
190 574.3 375.6637945324728 1206.8192070676387 7216.753 0.555 796.2540265458596 18873
200 571.6 331.2266780965698 869.3384507641089 7216.753 0.555 698.1288355134872 24616
210 836.6 241.78106574229 842.2174616679864 7216.753 0.545 628.9869150402213 30332
220 1155.2 161.52611011080378 613.6054201336032 7216.753 0.545 545.2780893844641 38698
230 1130.3 179.1001771211181 709.350625369386 7216.753 0.545 457.05713685572135 50250
240 542.3 309.01231550802083 646.9590452756726 7216.753 0.545 406.015798238916 61553
245 7.4 9.522459459459462 4.406580856282006 7216.753 0.545 398.1614939082655 66976
