0 0.6 6068.312833333333 914.9807756786325 7550.596 5238.035 0 0
10 1.3 5233.259615384616 1083.812991471566 7550.596 4044.008 6068.312833333333 6
20 1 5554.5432 1108.0472572791107 7550.596 3968.07 5496.960631578948 19
30 1.1 5197.808 1178.4948890775895 7550.596 3473.875 5516.816689655173 29
40 1.6 5866.655937499999 1043.9202347108749 7550.596 3473.875 5429.089300000001 40
50 1.8 5542.288111111111 1029.9245870942789 7550.596 3473.875 5554.108339285714 56
60 2.6 6005.4280384615395 946.4307311544244 7550.596 3473.875 5551.233148648648 74
70 3.6 6151.4148611111095 1165.29903784699 8575.122 3473.875 5669.32382 100
80 3.6 6079.2082222222225 1042.5159588229894 8575.122 3473.875 5796.936154411764 136
90 3.5 6845.250342857141 1427.601879398054 10599.072 3473.875 5856.016354651162 172
100 2.3 11260.750173913042 2388.1651199674766 16847.278 3473.875 6023.278140096617 207
110 2.5 18660.283279999996 1852.4074740060755 22536.986 3473.875 6547.02534347826 230
120 8 18912.495387499996 6806.957301045271 29991.554 3473.875 7734.599650980391 255
130 15.9 16751.050509433942 9782.030037615821 34440.089 3332.573 10403.947886567163 335
140 15.8 20200.703272151903 9028.280569309758 40246.622 3221.032 12446.84124089068 494
150 21.6 15397.690620370358 8735.930792049714 40246.622 3221.032 14325.844616564413 652
160 30.6 12361.732313725488 8151.183944479221 42082.065 3146.772 14592.571271889394 868
170 34.1 11593.036082111435 6099.113285108897 42082.065 3146.772 14011.108988074951 1174
180 40.6 9908.353889162567 5693.1383411409915 42082.065 3146.772 13466.84307326732 1515
190 61.5 8733.85406178861 4937.490790876941 42082.065 3122.557 12714.762589796976 1921
200 65.3 9020.482171516089 4732.251908229488 42082.065 3122.557 11749.360876577282 2536
210 79.7 7789.506435382681 3785.205900469989 42082.065 3072.201 11190.578250548759 3189
220 128.4 7283.058875389416 2911.446062085905 42082.065 3072.201 10510.534538384341 3986
230 127.4 7006.214005494505 2669.891060132092 42082.065 3072.201 9724.181834155597 5270
240 89.2 8203.534710762335 2659.394567374268 42082.065 3072.201 9195.042009321514 6544
245 1.4 11641.488571428572 1137.7111354126578 42082.065 3072.201 9076.103801909629 7436
