0 33.940625 33.940625
10 47.3921875 81.3328125
20 44.2203125 125.553125
30 53.74453125 179.29765625
40 67.48125 246.77890625
50 85.1765625 331.95546875
60 128.54296875 460.4984375
70 159.66953125 620.16796875
80 158.89453125 779.0625
90 189.57890625 968.64140625
100 229.63671875 1198.278125
110 212.3265625 1410.6046875
120 409.54765625 1820.15234375
130 517.87109375 2338.0234375
140 557.5296875 2895.553125
150 684.12421875 3579.67734375
160 802.74609375 4382.4234375
170 953.315625 5335.7390625
180 1022.01171875 6357.75078125
190 1354.83515625 7712.5859375
200 1464.08046875 9176.66640625
210 1839.446875 11016.11328125
220 2516.92109375 13533.034375
230 2344.48046875 15877.51484375
240 1607.82109375 17485.3359375
245 38.42578125 17523.76171875
