0 109.0015625 109.0015625
10 116.021875 225.0234375
20 125.721875 350.7453125
30 145.72265625 496.46796875
40 182.41953125 678.8875
50 236.8234375 915.7109375
60 369.6109375 1285.321875
70 440.1640625 1725.4859375
80 427.840625 2153.3265625
90 535.36640625 2688.69296875
100 707.6078125 3396.30078125
110 590.1875 3986.48828125
120 818.78046875 4805.26875
130 907.834375 5713.103125
140 1104.52421875 6817.62734375
150 1062.9140625 7880.54140625
160 1328.6765625 9209.21796875
170 1587.67109375 10796.8890625
180 1596.784375 12393.6734375
190 2199.725 14593.3984375
200 2334.09296875 16927.49140625
210 2948.32734375 19875.81875
220 3916.27421875 23792.09296875
230 3657.66484375 27449.7578125
240 3050.73984375 30500.49765625
245 43.653125 30544.15078125
