0 0.3 4.4656666666666665 4.590772943875815 10.958 1.219 0 0
10 1.2 1.2970833333333331 0.21370714320198927 10.958 1.162 4.4656666666666665 3
20 0.7 1.5095714285714286 0.6607235983899681 10.958 1.082 1.9307999999999998 15
30 2 1.5748999999999997 1.3165764277093828 10.958 1.082 1.7967727272727272 22
40 2.1 1.1987619047619047 0.07602562522998406 10.958 1.082 1.6911190476190474 42
50 2.4 1.2485833333333332 0.39867717900019756 10.958 1.082 1.527 63
60 2.2 1.6689999999999998 1.2995274665676122 10.958 1.061 1.4501954022988504 87
70 3.2 1.3820312499999998 0.6861761109754824 10.958 0.933 1.4943577981651375 109
80 4.4 1.201613636363636 0.3063954082189973 10.958 0.933 1.4688652482269502 141
90 4.4 1.3018636363636362 0.510758820104019 10.958 0.933 1.4053027027027027 185
100 8.3 1.2253373493975903 0.2915445894561706 10.958 0.933 1.3854279475982532 229
110 10.5 1.3068952380952383 0.5836818103141557 10.958 0.933 1.3428397435897437 312
120 12.3 1.4737804878048781 2.0134109009040944 22.542 0.933 1.3337889688249402 417
130 17.3 1.307161849710982 1.151820899362959 22.542 0.916 1.365675925925926 540
140 17.9 1.155932960893855 0.12265305557576249 22.542 0.916 1.351478260869565 713
150 18.3 1.2336612021857933 0.5322309628200402 22.542 0.9 1.3122376681614347 892
160 33.5 1.2525641791044768 0.9527744598036709 22.542 0.9 1.2988613953488373 1075
170 31.7 1.262987381703469 0.7311548575427006 22.542 0.9 1.2878617021276595 1410
180 48.3 1.1872339544513464 0.6253966899492487 22.542 0.9 1.283295888824551 1727
190 150.8 1.087701591511937 0.49107513438393435 22.542 0.703 1.2623013574660633 2210
200 287.1 1.0848962034134455 0.5393003701659204 22.542 0.703 1.191484669176977 3718
210 376.9 1.0805094189440205 0.5858646359819392 22.542 0.69 1.1450412809227504 6589
220 555.5 1.0560891089108846 0.43123330907651597 22.542 0.683 1.1215598571152747 10358
230 610.5 1.0764435708435725 0.6130239856745501 22.542 0.674 1.0987049582102668 15913
240 520.4 1.109110876249037 0.5762986099425829 22.542 0.674 1.0925324734308286 22018
250 154.2 1.0578962386510995 0.37768751057037325 22.542 0.674 1.0957017485857017 27222
260 0 0 0 22.542 0.674 1.0936750451953818 28764
270 0 0 0 22.542 0.674 1.0936750451953818 28764
280 0 0 0 22.542 0.674 1.0936750451953818 28764
290 0 0 0 22.542 0.674 1.0936750451953818 28764
295 0 0 0 22.542 0.674 1.0936750451953818 28764
