0 0.1 10.765024308373585 0 10.765024308373585 10.765024308373585 0 0
10 0.1 0.45045045045045046 0.0 10.765024308373585 0.45045045045045046 10.765024308373585 1
20 0.1 0.2004008016032064 0.0 10.765024308373585 0.2004008016032064 5.6077373794120176 2
30 0.1 0.10030090270812438 0.0 10.765024308373585 0.10030090270812438 3.8052918534757474 3
40 0.1 0.30060120240480964 0.0 10.765024308373585 0.10030090270812438 2.8790441157838416 4
50 0.1 0.4506760140210316 0.0 10.765024308373585 0.10030090270812438 2.3633555331080354 5
60 0.1 0.45045045045045046 0.0 10.765024308373585 0.10030090270812438 2.0445756132602013 6
70 0.1 0.6006006006006006 0.0 10.765024308373585 0.10030090270812438 1.8168434471445225 7
80 0.1 0.501002004008016 0.0 10.765024308373585 0.10030090270812438 1.6648130913265322 8
90 0.1 0.6509764646970456 0.0 10.765024308373585 0.10030090270812438 1.5355007482911416 9
100 0.1 0.9995002498750625 0.0 10.765024308373585 0.10030090270812438 1.4470483199317319 10
110 0.1 1.1523046092184368 0.0 10.765024308373585 0.10030090270812438 1.4063621317447619 11
120 0.1 1.6524787180771157 0.0 10.765024308373585 0.10030090270812438 1.3851906715342348 12
130 0.1 2.453680520781172 0.0 10.765024308373585 0.10030090270812438 1.4057512904990719 13
140 0.1 2.80561122244489 0.0 10.765024308373585 0.10030090270812438 1.4806033783763648 14
150 0.1 4.139323573952549 0.0 10.765024308373585 0.10030090270812438 1.5689372346475996 15
160 0.1 4.527162977867203 0.0 10.765024308373585 0.10030090270812438 1.729586380854159 16
170 0.1 6.629554655870446 0.0 10.765024308373585 0.10030090270812438 1.8941497100902203 17
180 0.1 7.618080243778567 0.0 10.765024308373585 0.10030090270812438 2.157227762633566 18
190 0.1 9.584178498985802 0.0 10.765024308373585 0.10030090270812438 2.444641051114882 19
200 0.1 13.998970663921769 0.0 13.998970663921769 0.10030090270812438 2.8016179235084278 20
210 0.1 19.9288256227758 0.0 19.9288256227758 0.10030090270812438 3.334825196861444 21
220 0.1 24.066390041493776 0.0 24.066390041493776 0.10030090270812438 4.089097943493915 22
230 0.1 31.036296685954763 0.0 31.036296685954763 0.10030090270812438 4.957675860798257 23
240 0.1 35.47544409613375 0.0 35.47544409613375 0.10030090270812438 6.044285061846445 24
250 0.1 32.1410057024365 0.0 35.47544409613375 0.10030090270812438 7.221531423217937 25
260 0.1 18.303341902313626 0.0 35.47544409613375 0.10030090270812438 8.17997274164942 26
270 0.1 2.8282828282828283 0.0 35.47544409613375 0.10030090270812438 8.554912340192539 27
280 0.1 0.0 0.0 35.47544409613375 0.0 8.350389857624334 28
290 0.1 0.09995002498750624 0.0 35.47544409613375 0.0 8.06244537977522 29
295 0.1 0.1002004008016032 0.0 35.47544409613375 0.0 7.7970288679489625 30
