0 0.1 664.0234375 0 664.0234375 664.0234375 0 0
10 0.1 664.58203125 0.0 664.58203125 664.0234375 664.0234375 1
20 0.1 660.0390625 0.0 664.58203125 660.0390625 664.302734375 2
30 0.1 658.05078125 0.0 664.58203125 658.05078125 662.8815104166666 3
40 0.1 661.91015625 0.0 664.58203125 658.05078125 661.673828125 4
50 0.1 659.38671875 0.0 664.58203125 658.05078125 661.72109375 5
60 0.1 657.19140625 0.0 664.58203125 657.19140625 661.33203125 6
70 0.1 657.0703125 0.0 664.58203125 657.0703125 660.7405133928571 7
80 0.1 653.79296875 0.0 664.58203125 653.79296875 660.28173828125 8
90 0.1 648.41015625 0.0 664.58203125 648.41015625 659.5607638888889 9
100 0.1 641.06640625 0.0 664.58203125 641.06640625 658.445703125 10
110 0.1 627.83984375 0.0 664.58203125 627.83984375 656.8657670454545 11
120 0.1 608.69140625 0.0 664.58203125 608.69140625 654.4469401041666 12
130 0.1 603.421875 0.0 664.58203125 603.421875 650.9272836538462 13
140 0.1 570.51171875 0.0 664.58203125 570.51171875 647.5340401785714 14
150 0.1 528.890625 0.0 664.58203125 528.890625 642.39921875 15
160 0.1 526.10546875 0.0 664.58203125 526.10546875 635.304931640625 16
170 0.1 487.19921875 0.0 664.58203125 487.19921875 628.8814338235294 17
180 0.1 439.97265625 0.0 664.58203125 439.97265625 621.0101996527778 18
190 0.1 391.53515625 0.0 664.58203125 391.53515625 611.4819078947369 19
200 0.1 323.28125 0.0 664.58203125 323.28125 600.4845703125 20
210 0.1 286.6640625 0.0 664.58203125 286.6640625 587.284412202381 21
220 0.1 224.859375 0.0 664.58203125 224.859375 573.6198508522727 22
230 0.1 153.9375 0.0 664.58203125 153.9375 558.4563519021739 23
240 0.1 48.20703125 0.0 664.58203125 48.20703125 541.6013997395834 24
250 0.1 36.88671875 0.0 664.58203125 36.88671875 521.865625 25
260 0.1 402.53125 0.0 664.58203125 36.88671875 503.2125901442308 26
270 0.1 693.265625 0.0 693.265625 36.88671875 499.4836516203704 27
280 0.1 696.37109375 0.0 696.37109375 36.88671875 506.40443638392856 28
290 0.1 697.15625 0.0 697.15625 36.88671875 512.9550107758621 29
295 0.1 696.4765625 0.0 697.15625 36.88671875 519.0950520833334 30
