0 0.1 0.08984375 0 0.08984375 0.08984375 0 0
10 0.1 0.078125 0.0 0.08984375 0.078125 0.08984375 1
20 0.1 0.0703125 0.0 0.08984375 0.0703125 0.083984375 2
30 0.1 0.05859375 0.0 0.08984375 0.05859375 0.07942708333333333 3
40 0.1 0.05078125 0.0 0.08984375 0.05078125 0.07421875 4
50 0.1 0.0390625 0.0 0.08984375 0.0390625 0.06953125 5
60 0.1 0.03125 0.0 0.08984375 0.03125 0.064453125 6
70 0.1 0.03125 0.0 0.08984375 0.03125 0.05970982142857143 7
80 0.1 0.01953125 0.0 0.08984375 0.01953125 0.05615234375 8
90 0.1 0.01953125 0.0 0.08984375 0.01953125 0.052083333333333336 9
100 0.1 0.01953125 0.0 0.08984375 0.01953125 0.048828125 10
110 0.1 0.01171875 0.0 0.08984375 0.01171875 0.04616477272727273 11
120 0.1 0.01171875 0.0 0.08984375 0.01171875 0.043294270833333336 12
130 0.1 0.01171875 0.0 0.08984375 0.01171875 0.040865384615384616 13
140 0.1 0.01171875 0.0 0.08984375 0.01171875 0.038783482142857144 14
150 0.1 0.0 0.0 0.08984375 0.0 0.03697916666666667 15
160 0.1 0.0 0.0 0.08984375 0.0 0.03466796875 16
170 0.1 0.0 0.0 0.08984375 0.0 0.03262867647058824 17
180 0.1 0.0 0.0 0.08984375 0.0 0.030815972222222224 18
190 0.1 0.078125 0.0 0.08984375 0.0 0.02919407894736842 19
200 0.1 0.0703125 0.0 0.08984375 0.0 0.031640625 20
210 0.1 0.19921875 0.0 0.19921875 0.0 0.033482142857142856 21
220 0.1 0.3203125 0.0 0.3203125 0.0 0.041015625 22
230 0.1 0.26953125 0.0 0.3203125 0.0 0.053158967391304345 23
240 0.1 0.37890625 0.0 0.37890625 0.0 0.062174479166666664 24
250 0.1 0.3203125 0.0 0.37890625 0.0 0.07484375 25
260 0.1 0.421875 0.0 0.421875 0.0 0.08428485576923077 26
270 0.1 0.3515625 0.0 0.421875 0.0 0.09678819444444445 27
280 0.1 0.30078125 0.0 0.421875 0.0 0.10588727678571429 28
290 0.1 0.25 0.0 0.421875 0.0 0.11260775862068965 29
295 0.1 0.2109375 0.0 0.421875 0.0 0.1171875 30
