0 0.5 56.7712 89.0785801467446 234.761 8.025 0 0
10 4.6 54.817065217391296 87.00007821520778 235.525 6.585 56.7712 5
20 6 58.389149999999994 89.233551569617 320.106 6.585 55.00864705882353 51
30 7.3 43.31076712328767 73.68912646121544 320.106 6.326 56.83594594594594 111
40 12.8 52.059804687500005 83.83223027897918 320.106 6.196 51.46997826086956 184
50 16.1 42.929720496894426 74.79322672444046 320.106 6.196 51.71195833333333 312
60 14.8 38.779554054053996 69.50061267426663 320.106 6.08 48.722655391120504 473
70 17.9 52.33272625698326 83.92298197578057 320.106 5.857 46.35296296296295 621
80 27 44.51028518518517 76.78303982687653 320.106 5.81 47.69093499999999 800
90 27.2 39.72473161764705 71.67577399383613 320.106 5.638 46.888341121495316 1070
100 43.1 52.09696983758705 83.9327295456339 320.106 5.638 45.43640238450074 1342
110 60.9 47.425977011494226 80.10535381497377 320.106 5.638 47.05552509870276 1773
120 66.2 41.45698640483387 75.03627544020215 445.845 5.638 47.15023761544919 2382
130 101.2 54.90101383399213 87.38449428117377 447.115 5.638 45.912086399474376 3044
140 117.7 44.72340186915884 78.3550834634979 463.753 5.638 48.15488584812624 4056
150 113.1 40.724391688771036 73.92979741442436 463.753 5.638 47.383080642079115 5233
160 169.3 59.85826875369171 92.47576429367415 474.905 5.518 46.19970898805784 6364
170 219.2 53.13705656934311 87.52594312358413 474.905 5.518 49.06975263745813 8057
180 235.5 63.967897239915146 110.04756429200333 775.939 5.518 49.93964533125186 10249
190 293.6 688.0969649182571 604.3542350431059 3959.087 1.078 52.56076031418602 12604
200 341.8 1225.9699555295522 671.9097369778518 4193.528 0.189 172.6337523809526 15540
210 439.6 1345.6534103730646 885.3635194474292 4533.19 0.189 362.5431912649021 18958
220 702.1 895.786354507904 1114.4216845032336 5536.916 0.085 547.5972515200824 23354
230 834.9 770.7165995927642 936.9667583067173 5536.916 0.085 628.0790850041152 30375
240 770.4 764.4050041536846 909.7905450177716 5536.916 0.085 658.8321221206484 38724
250 506.5 372.982223889439 733.4969639963896 5536.916 0.085 676.3502896743339 46428
260 101.9 13.048889106967604 3.206489462891167 5536.916 0.085 646.5101317266422 51493
270 0.2 15.421 0.09800000000000031 5536.916 0.085 634.2177603404933 52512
280 0 0 0 5536.916 0.085 634.194193415089 52514
290 0 0 0 5536.916 0.085 634.194193415089 52514
295 0 0 0 5536.916 0.085 634.194193415089 52514
