0 0.5 56.7712 89.0785801467446 234.761 8.025 0 0
10 4.8 52.527375 85.77137584994605 235.525 6.585 56.7712 5
20 7.4 47.32287837837837 82.74268542620105 309.259 6.585 52.9277358490566 53
30 9.2 34.34575000000001 67.59034769181577 309.259 6.326 49.66191338582677 127
40 14.7 45.317047619047635 80.00116309752576 309.259 6.196 43.22772602739727 219
50 20.6 33.52942718446598 68.19282651574035 309.259 6.196 44.066879781420774 366
60 19.5 29.404584615384596 62.451242497436425 309.259 6.08 40.271923076923066 572
70 21.3 43.963051643192486 79.1231190844068 309.259 5.857 37.509040417209896 767
80 33.4 35.962326347305364 70.98421461005731 309.259 5.81 38.91179999999999 980
90 34.8 31.023839080459755 65.17793830501618 309.259 5.638 38.162085996955845 1314
100 51.2 43.84067968750005 79.1552601783932 309.259 5.638 36.667435018050526 1662
110 74.8 38.59320053475935 74.36903141432754 309.259 5.638 38.3568100275989 2174
120 84.3 32.53424911032031 68.36143098599368 445.845 5.638 38.41732340862423 2922
130 118.6 46.83347301854974 82.85300741574045 447.115 5.638 37.10007729083666 3765
140 151.9 34.63040223831466 71.12079328926454 463.753 5.638 39.43168854776813 4951
150 145.5 31.818660481099656 67.2728900217556 463.753 5.638 38.30446228748068 6470
160 200.6 50.37312811565304 86.97138940839197 463.753 5.518 37.11369362776025 7925
170 273.9 42.504410003650904 80.63231739204285 468.089 5.518 39.79201661464102 9931
180 298.5 51.088540703517715 100.23488809210733 761.912 5.518 40.37838168902918 12670
190 345.7 589.7304275383281 531.8221100665684 3312.382 1.078 42.42052954327691 15655
200 413.6 1043.1564028046423 518.1254702934298 3312.382 0.189 141.41855786940144 19112
210 542.3 1090.100507099389 638.7563425919499 3312.382 0.095 301.8447333103923 23248
220 830.5 751.225241420829 926.2762718684771 3920.396 0.085 450.9400233685601 28671
230 1042.8 615.462119677788 788.5811029698848 3920.396 0.085 518.3856295975761 36976
240 1019.1 584.7838800902766 768.7908816762954 3920.396 0.085 539.7406553033487 47404
250 789.8 220.67166763737646 512.3819362178652 3920.396 0.085 547.7107135341602 57595
260 202.1 6.533603661553693 1.939532392051845 3920.396 0.085 508.27208063457095 65493
270 0.4 7.659000000000001 0.08256209784156363 3920.396 0.085 493.25277409129893 67514
280 0 0 0 3920.396 0.085 493.2240058354802 67518
290 0 0 0 3920.396 0.085 493.2240058354802 67518
295 0 0 0 3920.396 0.085 493.2240058354802 67518
