10 0.1 14930.403 0 14930.403 14930.403 0 0
20 0.7 16887.520714285714 1244.1763515854525 19300.138 14839.927 14930.403 1
30 0.8 18110.037625 1242.9969280627708 19631.487 14839.927 16642.881 8
40 0.8 18662.661 1538.355271052334 21266.312 14839.927 17376.459312500003 16
50 2.1 17574.62495238096 1288.0266705419858 21266.312 14839.927 17805.193208333334 24
60 2.7 17742.29296296296 2387.679869799512 22164.358 13931.92 17697.594688888894 45
70 1.7 17377.483764705878 2371.373760491374 22164.358 11740.7 17714.356541666668 72
80 3 17685.029933333335 1626.4148576103194 22164.358 11740.7 17650.010056179777 89
90 3.3 17491.255000000005 1779.31601307157 22164.358 11740.7 17658.83859663866 119
100 4.3 17714.749930232556 2055.8679079928625 22164.358 11740.7 17622.455315789477 152
110 6.3 17154.428380952373 1703.820935100053 22164.358 11740.7 17642.807461538465 195
120 9 17323.258555555563 1956.6456167063413 22295.467 11740.7 17523.552104651164 258
130 8.1 17776.488320987664 1873.8228870490227 22295.467 11740.7 17471.752048850576 348
140 16.3 17381.38821472393 1755.4336178595397 22295.467 11740.7 17529.289666666667 429
150 15.9 17636.03119496855 1657.0558171518962 22578.722 11740.7 17488.566800675675 592
160 16.5 17945.851593939395 1952.286224134256 22705.797 11740.7 17519.787624500666 751
170 24.1 17357.07856846474 1965.649425638731 22705.797 11510.484 17596.534955240175 916
180 31.6 17822.948417721527 2006.0513361035737 23132.981 11510.484 17546.656831460677 1157
190 23.8 19615.652571428604 2324.6442292885044 24973.665 11510.484 17605.929160896136 1473
200 24.6 21815.387097560968 2349.585780926638 28461.447 11510.484 17885.481569842206 1711
210 49 24951.433734693863 2229.911961738916 30966.564 11510.484 18379.48093612673 1957
220 63.4 26071.45600946373 2995.5269080070966 34738.804 11510.484 19695.482926849203 2447
230 91.8 24104.054844226597 3912.465771772732 34738.804 11510.484 21007.513739694907 3081
240 130.7 23040.158296863086 3514.3314192413277 35339.442 11510.484 21718.347631657918 3999
250 152.2 21786.936252956646 3320.2617610194397 35339.442 11510.484 22043.942531662284 5306
260 67.2 21197.712687499996 2167.43464665238 35339.442 11510.484 21986.65437170476 6828
270 0.2 27297.604 97.13700000000154 35339.442 11510.484 21915.965196800014 7500
280 0 0 0 35339.442 11510.484 21917.39991788858 7502
290 0 0 0 35339.442 11510.484 21917.39991788858 7502
295 0 0 0 35339.442 11510.484 21917.39991788858 7502
