0 10.01171875 10.01171875
10 95.76015625 105.771875
20 126.09375 231.865625
30 136.86640625 368.73203125
40 268.625 637.35703125
50 311.4921875 948.84921875
60 268.2953125 1217.14453125
70 377.275 1594.41953125
80 526.5453125 2120.96484375
90 508.69609375 2629.6609375
100 897.0734375 3526.734375
110 1213.753125 4740.4875
120 1225.86171875 5966.34921875
130 2110.0921875 8076.44140625
140 2247.89140625 10324.3328125
150 2114.58359375 12438.91640625
160 3513.75625 15952.67265625
170 4280.54921875 20233.221875
180 4434.87734375 24668.09921875
190 6048.253125 30716.35234375
200 6705.0125 37421.36484375
210 7134.06953125 44555.434375
220 6945.0578125 51500.4921875
230 8090.4359375 59590.928125
240 7301.5421875 66892.4703125
250 6989.7578125 73882.228125
260 1327.6625 75209.890625
270 2.246875 75212.1375
280 0 75212.1375
290 0 75212.1375
295 0 75212.1375
