0 1.84453125 1.84453125
10 18.334375 20.17890625
20 33.915625 54.09453125
30 37.5328125 91.62734375
40 64.8984375 156.52578125
50 92.3140625 248.83984375
60 87.44609375 336.2859375
70 94.3359375 430.621875
80 146.553125 577.175
90 154.61875 731.79375
100 221.428125 953.221875
110 330.253125 1283.475
120 368.734375 1652.209375
130 518.4046875 2170.6140625
140 678.69453125 2849.30859375
150 652.13671875 3501.4453125
160 863.56875 4365.0140625
170 1226.4796875 5591.49375
180 1329.75 6921.24375
190 1578.67890625 8499.92265625
200 1913.13046875 10413.053125
210 2282.66171875 12695.71484375
220 3123.040625 15818.75546875
230 3881.190625 19699.94609375
240 4077.08203125 23777.028125
250 3457.6828125 27234.7109375
260 1090.42578125 28325.13671875
270 2.115625 28327.25234375
280 0 28327.25234375
290 0 28327.25234375
295 0 28327.25234375
