0 1 2.7006999999999994 4.095496063970761 14.966 1.118 0 0
10 0.9 1.3744444444444444 0.1874347952466025 14.966 1.118 2.7006999999999994 10
20 0.9 1.5268888888888885 0.4013428693342291 14.966 1.118 2.072473684210526 19
30 2.6 1.6167307692307693 0.7510462731668869 14.966 1.059 1.8971071428571427 28
40 1.9 1.6134736842105264 0.7653225235787543 14.966 1.059 1.762111111111111 54
50 1.7 1.7494117647058827 1.4029658525391855 14.966 1.059 1.7234246575342467 73
60 3.1 1.5419677419354838 1.1683234882313056 14.966 0.991 1.7283333333333335 90
70 3.8 1.452578947368421 0.42398427426019547 14.966 0.991 1.6805867768595042 121
80 4.6 1.5166956521739134 0.5129682958914635 14.966 0.991 1.6260943396226413 159
90 7.2 1.3497083333333337 0.26848812499603947 14.966 0.991 1.6015463414634146 205
100 8.5 1.397423529411765 0.43527479829942156 14.966 0.991 1.536086642599278 277
110 8.3 1.3739879518072293 0.42408596235822155 14.966 0.991 1.5035276243093925 362
120 15.3 1.465581699346406 0.8865925563483349 14.966 0.971 1.4793662921348316 445
130 14 1.3518785714285722 0.3907677144847991 14.966 0.971 1.4758394648829434 598
140 15.4 1.374993506493507 0.45324248114125537 14.966 0.933 1.4523238482384828 738
150 30 1.350526666666668 0.5599972701917594 14.966 0.912 1.438973094170404 892
160 29.2 1.3504143835616444 0.44551988586057834 14.966 0.908 1.4167130872483227 1192
170 29.6 1.3796013513513523 0.5774619355638959 14.966 0.896 1.403667789757413 1484
180 56.8 1.4411144366197177 1.4993820508594449 22.019 0.88 1.3996657303370796 1780
190 60 1.3820133333333324 1.1297723058898004 22.019 0.833 1.4096925042589443 2348
200 61.7 1.4330777957860625 1.0768857421125602 22.019 0.833 1.4040590230664862 2948
210 117.1 1.3078445772843719 0.5591439624282404 22.019 0.753 1.409081346423563 3565
220 124.2 1.2997785829307555 0.46559675844412407 22.019 0.753 1.38405004222973 4736
230 125.8 1.3943346581875982 0.9400374844997563 22.019 0.753 1.3665416527266643 5978
240 14.2 1.3534788732394358 0.6648797065646892 22.019 0.753 1.3713735489220562 7236
250 0 0 0 22.019 0.753 1.371029140688533 7378
260 0 0 0 22.019 0.753 1.371029140688533 7378
270 0 0 0 22.019 0.753 1.371029140688533 7378
280 0 0 0 22.019 0.753 1.371029140688533 7378
290 0 0 0 22.019 0.753 1.371029140688533 7378
292 0 0 0 22.019 0.753 1.371029140688533 7378
