0 0.1 7.038816792794867 0 7.038816792794867 7.038816792794867 0 0
10 0.1 0.4 0.0 7.038816792794867 0.4 7.038816792794867 1
20 0.1 0.40060090135202797 0.0 7.038816792794867 0.4 3.7194083963974336 2
30 0.1 0.4495504495504496 0.0 7.038816792794867 0.4 2.6131392313822985 3
40 0.1 0.9495252373813095 0.0 7.038816792794867 0.4 2.072242035924336 4
50 0.1 0.45045045045045046 0.0 7.038816792794867 0.4 1.8476986762157306 5
60 0.1 0.45045045045045046 0.0 7.038816792794867 0.4 1.6148239719215172 6
70 0.1 0.999000999000999 0.0 7.038816792794867 0.4 1.4484848974256506 7
80 0.1 0.9004502251125562 0.0 7.038816792794867 0.4 1.3922994101225692 8
90 0.1 1.098901098901099 0.0 7.038816792794867 0.4 1.3376495006770122 9
100 0.1 2.136115250869349 0.0 7.038816792794867 0.4 1.3137746604994207 10
110 0.1 2.2399203583872573 0.0 7.038816792794867 0.4 1.388532895987596 11
120 0.1 2.0398009950248754 0.0 7.038816792794867 0.4 1.4594818511875678 12
130 0.1 4.769001490312966 0.0 7.038816792794867 0.4 1.5041217853288993 13
140 0.1 3.2418952618453867 0.0 7.038816792794867 0.4 1.737327478542047 14
150 0.1 3.746253746253746 0.0 7.038816792794867 0.4 1.8376319974289361 15
160 0.1 8.759842519685039 0.0 8.759842519685039 0.4 1.9569208567304868 16
170 0.1 8.98379970544919 0.0 8.98379970544919 0.4 2.357092719257225 17
180 0.1 8.486352357320099 0.0 8.98379970544919 0.4 2.7252431073790007 18
190 0.1 11.575239053850025 0.0 11.575239053850025 0.4 3.02845938369169 19
200 0.1 12.14392803598201 0.0 12.14392803598201 0.4 3.455798367199607 20
210 0.1 13.710879284649776 0.0 13.710879284649776 0.4 3.8695188276178167 21
220 0.1 23.90194075587334 0.0 23.90194075587334 0.4 4.316853393846542 22
230 0.1 23.517382413087933 0.0 23.90194075587334 0.4 5.168378931325968 23
240 0.1 25.816172777498746 0.0 25.816172777498746 0.4 5.93292074306605 24
250 0.1 12.646013204672425 0.0 25.816172777498746 0.4 6.728250824443357 25
260 0.1 0.050075112669003496 0.0 25.816172777498746 0.050075112669003496 6.9558570698367825 26
270 0.1 0.09995002498750624 0.0 25.816172777498746 0.050075112669003496 6.7000873677194575 27
280 0.1 0.19990004997501248 0.0 25.816172777498746 0.050075112669003496 6.464368176907601 28
290 0.1 0.05 0.0 25.816172777498746 0.05 6.248352034599581 29
292 0.1 0.050075112669003496 0.0 25.816172777498746 0.05 6.041740300112929 30
