0 0.1 669.66015625 0 669.66015625 669.66015625 0 0
10 0.1 670.62109375 0.0 670.62109375 669.66015625 669.66015625 1
20 0.1 670.09765625 0.0 670.62109375 669.66015625 670.140625 2
30 0.1 672.3984375 0.0 672.3984375 669.66015625 670.1263020833334 3
40 0.1 669.75 0.0 672.3984375 669.66015625 670.6943359375 4
50 0.1 678.0234375 0.0 678.0234375 669.66015625 670.50546875 5
60 0.1 679.17578125 0.0 679.17578125 669.66015625 671.7584635416666 6
70 0.1 673.38671875 0.0 679.17578125 669.66015625 672.8180803571429 7
80 0.1 674.11328125 0.0 679.17578125 669.66015625 672.88916015625 8
90 0.1 671.953125 0.0 679.17578125 669.66015625 673.0251736111111 9
100 0.1 664.7109375 0.0 679.17578125 664.7109375 672.91796875 10
110 0.1 664.62890625 0.0 679.17578125 664.62890625 672.171875 11
120 0.1 662.43359375 0.0 679.17578125 662.43359375 671.5432942708334 12
130 0.1 639.16796875 0.0 679.17578125 639.16796875 670.8425480769231 13
140 0.1 649.0 0.0 679.17578125 639.16796875 668.580078125 14
150 0.1 640.35546875 0.0 679.17578125 639.16796875 667.2747395833334 15
160 0.1 610.56640625 0.0 679.17578125 610.56640625 665.59228515625 16
170 0.1 611.03125 0.0 679.17578125 610.56640625 662.35546875 17
180 0.1 607.91015625 0.0 679.17578125 607.91015625 659.5041232638889 18
190 0.1 501.80078125 0.0 679.17578125 501.80078125 656.7886513157895 19
200 0.1 396.48046875 0.0 679.17578125 396.48046875 649.0392578125 20
210 0.1 289.84765625 0.0 679.17578125 289.84765625 637.0126488095239 21
220 0.1 277.91015625 0.0 679.17578125 277.91015625 621.232421875 22
230 0.1 278.38671875 0.0 679.17578125 277.91015625 606.3053668478261 23
240 0.1 286.0078125 0.0 679.17578125 277.91015625 592.64208984375 24
250 0.1 560.89453125 0.0 679.17578125 277.91015625 580.37671875 25
260 0.1 581.30859375 0.0 679.17578125 277.91015625 579.6274038461538 26
270 0.1 581.80859375 0.0 679.17578125 277.91015625 579.6896701388889 27
280 0.1 597.73046875 0.0 679.17578125 277.91015625 579.7653459821429 28
290 0.1 598.34375 0.0 679.17578125 277.91015625 580.3848329741379 29
292 0.1 598.62890625 0.0 679.17578125 277.91015625 580.9834635416667 30
