0 0.1 0.078125 0 0.078125 0.078125 0 0
10 0.1 0.0703125 0.0 0.078125 0.0703125 0.078125 1
20 0.1 0.05859375 0.0 0.078125 0.05859375 0.07421875 2
30 0.1 0.05078125 0.0 0.078125 0.05078125 0.06901041666666667 3
40 0.1 0.0390625 0.0 0.078125 0.0390625 0.064453125 4
50 0.1 0.03125 0.0 0.078125 0.03125 0.059375 5
60 0.1 0.03125 0.0 0.078125 0.03125 0.0546875 6
70 0.1 0.01953125 0.0 0.078125 0.01953125 0.05133928571428571 7
80 0.1 0.01953125 0.0 0.078125 0.01953125 0.04736328125 8
90 0.1 0.01953125 0.0 0.078125 0.01953125 0.044270833333333336 9
100 0.1 0.01171875 0.0 0.078125 0.01171875 0.041796875 10
110 0.1 0.01171875 0.0 0.078125 0.01171875 0.0390625 11
120 0.1 0.01171875 0.0 0.078125 0.01171875 0.036783854166666664 12
130 0.1 0.078125 0.0 0.078125 0.01171875 0.03485576923076923 13
140 0.1 0.0703125 0.0 0.078125 0.01171875 0.03794642857142857 14
150 0.1 0.05859375 0.0 0.078125 0.01171875 0.04010416666666667 15
160 0.1 0.05078125 0.0 0.078125 0.01171875 0.041259765625 16
170 0.1 0.0390625 0.0 0.078125 0.01171875 0.04181985294117647 17
180 0.1 0.03125 0.0 0.078125 0.01171875 0.041666666666666664 18
190 0.1 0.03125 0.0 0.078125 0.01171875 0.04111842105263158 19
200 0.1 0.1015625 0.0 0.1015625 0.01171875 0.040625 20
210 0.1 0.171875 0.0 0.171875 0.01171875 0.04352678571428571 21
220 0.1 0.2890625 0.0 0.2890625 0.01171875 0.049360795454545456 22
230 0.1 0.390625 0.0 0.390625 0.01171875 0.059782608695652176 23
240 0.1 0.41015625 0.0 0.41015625 0.01171875 0.07356770833333333 24
250 0.1 0.3515625 0.0 0.41015625 0.01171875 0.08703125 25
260 0.1 0.2890625 0.0 0.41015625 0.01171875 0.09720552884615384 26
270 0.1 0.25 0.0 0.41015625 0.01171875 0.10431134259259259 27
280 0.1 0.2109375 0.0 0.41015625 0.01171875 0.10951450892857142 28
290 0.1 0.1796875 0.0 0.41015625 0.01171875 0.11301185344827586 29
292 0.1 0.1484375 0.0 0.41015625 0.01171875 0.115234375 30
