0 2.4 131.49400000000006 146.61071175679265 331.55 6.465 0 0
10 2.9 124.46917241379312 139.6576966848412 334.667 6.465 131.49400000000006 24
20 2.8 104.72071428571424 133.4530294386266 334.667 6.465 127.65022641509437 53
30 6.6 134.4749242424242 150.6607345575935 553.901 6.351 119.72397530864197 81
40 6.8 109.17776470588238 133.9384768154787 553.901 6.351 126.34685034013603 147
50 5.5 109.61870909090909 135.25635773552014 553.901 6.351 120.91662790697673 215
60 8.4 121.91569047619048 140.84630081471755 553.901 6.351 118.6152 270
70 11.4 122.65805263157895 140.27100154224286 553.901 6.351 119.39836723163842 354
80 13.2 119.5099318181819 146.70858698160546 553.901 6.351 120.19239316239315 468
90 20.2 123.63370297029702 145.92409371605626 563.888 6.311 120.04225166666669 600
100 26 115.31173076923079 140.96312713244646 563.888 6.292 120.94683167082296 802
110 24.8 120.84638306451619 145.54985702177424 563.888 6.155 119.56724011299437 1062
120 43.6 122.77973853211012 145.30150219796997 563.888 5.866 119.80939847328247 1310
130 42.8 118.72968224299072 145.35660997949424 564.307 5.866 120.55113287514321 1746
140 44.8 121.13391071428569 142.45243250722035 564.307 5.861 120.1925400183993 2174
150 86.4 147.92721296296273 174.66794650632016 905.098 5.792 120.3533844393593 2622
160 89.1 137.22772951739572 168.87795949466505 910.683 5.792 127.18751749856565 3486
170 87 139.6475436781608 167.89735756792535 1022.853 5.779 129.23134407128157 4377
180 105.7 1052.9793245033118 1201.8599827272656 5930.633 5.779 130.95844406327413 5247
190 113.8 3023.541724077325 2422.541958018074 10144.355 5.779 285.5549019670051 6304
200 118.1 4986.57760118544 3832.84163153416 14683.94 2.263 704.2365740392362 7442
210 337.3 3454.049609842866 4370.265770387906 16972.577 1.794 1290.7429816769106 8623
220 375.8 2739.372345662586 3284.90557557064 18026.072 1.794 1899.01517714238 11996
230 376.6 2727.331670207118 3298.057629567924 18026.072 1.794 2099.4761546273953 15754
240 257.4 3555.744372571869 3600.1745304098063 18026.072 1.794 2220.6085251024583 19520
250 4 26.875075 6.728674075876689 18026.072 1.794 2376.154812392504 22094
260 0 0 0 18026.072 1.794 2371.9092539983726 22134
270 0 0 0 18026.072 1.794 2371.9092539983726 22134
280 0 0 0 18026.072 1.794 2371.9092539983726 22134
290 0 0 0 18026.072 1.794 2371.9092539983726 22134
292 0 0 0 18026.072 1.794 2371.9092539983726 22134
