0 7.5 42.114306666666664 79.49462766132453 264.914 6.38 0 0
10 8.8 40.85404545454545 75.1822974639142 264.914 6.192 42.114306666666664 75
20 7.9 37.036316455696216 70.99494661434203 264.914 6.192 41.43392024539877 163
30 20.6 43.01647087378639 80.1944396867784 264.914 6.117 39.99833884297521 242
40 20.1 36.865447761194055 72.17944612846132 264.914 5.549 41.38614062499999 448
50 16.1 37.37854658385093 72.86516534092868 264.914 5.549 39.986049306625574 649
60 25.7 39.77814785992217 75.7891058812653 264.914 5.549 39.467767901234566 810
70 34.6 40.347849710982686 77.03726343760071 317.004 5.549 39.542526710402996 1067
80 39.5 39.906012658227844 76.19997767521747 317.004 5.549 39.7397254069356 1413
90 61.9 40.68888691437804 76.90201339110669 317.004 5.181 39.77605475663717 1808
100 76.9 38.89111833550069 74.45417292105196 317.004 5.181 40.008870210135974 2427
110 74.7 39.71769477911638 75.7072264579481 317.004 4.972 39.73992428035045 3196
120 131.5 40.64220912547528 77.37088750074929 317.004 4.848 39.735712908952564 3943
130 128.4 39.73748909657313 76.06815411017698 317.004 4.848 39.962423164701406 5258
140 135 40.14329629629627 76.38218997713616 317.004 4.848 39.918275298073965 6542
150 262.6 48.74039489718196 87.49234713739607 524.126 4.848 39.95676723264063 7892
160 265.5 45.856406779660965 85.23434395625378 600.426 4.848 42.14975128351394 10518
170 263.6 46.05544688922612 85.36048711379776 600.426 4.774 42.89682259166474 13173
180 327.9 467.295892040257 475.09271762558075 3214.348 4.774 43.423493073565666 15809
190 357.1 1325.3526956034646 558.0200591220536 3325.761 4.774 116.2377007544008 19088
200 366.3 2128.015227136224 659.3734306154441 4129.305 0.879 306.7911076393475 22659
210 1063.2 970.0920519187399 1366.199939683811 4844.454 0.806 560.2347650254526 26322
220 1116.5 905.0496792655647 1230.9379210165193 4844.454 0.805 678.154413081128 36954
230 1128.4 908.2537320985422 1231.078920921051 4844.454 0.805 730.8006785261547 48119
240 692.4 1022.6626961294105 1097.9053703584507 4952.694 0.805 764.5090814100296 59403
250 7.5 13.355693333333335 5.907740285361983 4952.694 0.805 791.4582217045852 66327
260 0 0 0 4952.694 0.805 790.5793673082139 66402
270 0 0 0 4952.694 0.805 790.5793673082139 66402
280 0 0 0 4952.694 0.805 790.5793673082139 66402
290 0 0 0 4952.694 0.805 790.5793673082139 66402
292 0 0 0 4952.694 0.805 790.5793673082139 66402
