0 0.7 2147.6905714285713 638.1028085649917 2891.113 1389.915 0 0
10 0.8 2467.5292499999996 562.1872910571597 3137.845 1389.915 2147.6905714285713 7
20 1.1 2642.9772727272734 464.1062737181667 3269.631 1389.915 2318.2712 15
30 1.7 2492.3215294117654 597.3092656214118 3323.529 1389.915 2455.6468461538466 26
40 2.8 2319.3417857142863 568.2444551365671 3323.529 1389.915 2470.1461395348842 43
50 1.9 2297.896947368421 525.136510620206 3323.529 1389.915 2410.674000000001 71
60 2.4 2323.7559166666665 600.1268017658795 3341.387 1389.915 2386.865511111112 90
70 3.8 2257.921605263158 579.3447873462673 3341.387 1380.141 2373.579280701755 114
80 4.3 2433.9437209302328 576.2777930648865 3379.203 1380.141 2344.664861842106 152
90 5.9 2296.311915254237 585.1963523072445 3379.203 1365.723 2364.351994871796 195
100 9 2361.6494666666663 592.3432219947075 3379.203 1365.723 2348.5474094488195 254
110 8.1 2362.615234567903 559.413376899481 3379.203 1350.58 2351.975273255814 344
120 13.8 2413.677673913045 602.3417129914675 3526.056 1350.58 2354.003124705883 425
130 14.2 2401.002725352111 575.1351073946059 3529.533 1350.58 2368.630278863234 563
140 14.2 2359.4099225352106 537.1133927786427 3529.533 1350.58 2375.150686524823 705
150 26.9 2388.5091933085473 562.6151856296698 3550.286 1350.58 2372.511739079103 847
160 30.8 2392.4702077922066 573.4774711536127 3813.441 1350.58 2376.3677562724006 1116
170 27.6 2433.4534999999983 599.5138216476306 3867.643 1350.58 2379.8505898876397 1424
180 24.1 4221.036302904565 1577.0850639810783 8254.799 1350.58 2388.553179999999 1700
190 27 9500.690411111113 1892.0280240951681 13574.607 1350.58 2616.079420401854 1941
200 27.4 15434.444810218976 1931.2920382560312 20065.092 1350.58 3456.805321573948 2211
210 97.1 13545.685424304844 6011.045079536741 25199.476 1063.425 4777.478649496981 2485
220 127.1 10993.668592446871 5433.808192559553 26111.609 1022.15 7240.9997080439825 3456
230 124 10065.385283870968 4574.192531410847 26111.609 1022.15 8250.02068373175 4727
240 141.1 11154.989907866782 3585.9911678288086 26111.609 1022.15 8627.270910675377 5967
250 0 0 0 26111.609 1022.15 9110.682608294932 7378
260 0 0 0 26111.609 1022.15 9110.682608294932 7378
270 0 0 0 26111.609 1022.15 9110.682608294932 7378
280 0 0 0 26111.609 1022.15 9110.682608294932 7378
290 0 0 0 26111.609 1022.15 9110.682608294932 7378
292 0 0 0 26111.609 1022.15 9110.682608294932 7378
