0 269.18515625 269.18515625
10 312.46328125 581.6484375
20 263.69140625 845.33984375
30 754.26484375 1599.6046875
40 683.63359375 2283.23828125
50 548.3609375 2831.59921875
60 922.19765625 3753.796875
70 1213.09609375 4966.89296875
80 1378.7765625 6345.66953125
90 2208.90234375 8554.571875
100 2666.1265625 11220.6984375
110 2621.72109375 13842.41953125
120 4636.87109375 18479.290625
130 4475.0625 22954.353125
140 4759.17421875 27713.52734375
150 9326.62578125 37040.153125
160 9258.81328125 46298.96640625
170 9312.16796875 55611.134375
180 11106.42890625 66717.56328125
190 12296.21015625 79013.7734375
200 12095.59375 91109.3671875
210 15149.778125 106259.1453125
220 15973.3890625 122232.534375
230 16482.725 138715.259375
240 20393.88046875 159109.13984375
250 125.79140625 159234.93125
260 0 159234.93125
270 0 159234.93125
280 0 159234.93125
290 0 159234.93125
292 0 159234.93125
