0 33.94375 33.94375
10 38.73046875 72.67421875
20 36.02265625 108.696875
30 91.56328125 200.26015625
40 90.78046875 291.040625
50 72.771875 363.8125
60 114.85859375 478.67109375
70 155.09375 633.76484375
80 178.18828125 811.953125
90 276.93125 1088.884375
100 346.20546875 1435.08984375
110 334.509375 1769.59921875
120 589.4234375 2359.02265625
130 577.08671875 2936.109375
140 605.71953125 3541.82890625
150 1177.80546875 4719.634375
160 1193.38359375 5913.01796875
170 1181.34921875 7094.3671875
180 1558.28203125 8652.64921875
190 1686.22265625 10338.871875
200 1718.96640625 12057.83828125
210 3625.2515625 15683.08984375
220 3766.80859375 19449.8984375
230 3747.89921875 23197.79765625
240 2528.2078125 25726.00546875
250 33.31015625 25759.315625
260 0 25759.315625
270 0 25759.315625
280 0 25759.315625
290 0 25759.315625
292 0 25759.315625
