0 0.3 5.259 5.7291551442308375 13.361 1.153 0 0
10 1.3 1.2897692307692308 0.2344237300426315 13.361 1.077 5.259 3
20 1 1.2271 0.112514399078518 13.361 1.077 2.034 16
30 2 1.5061499999999999 0.9100075425511595 13.361 1.077 1.723653846153846 26
40 3 1.1852333333333338 0.1593371024658796 13.361 1.04 1.629086956521739 46
50 1.1 1.9159090909090912 2.305771156923248 13.361 1.04 1.4538815789473685 76
60 2.8 1.656178571428571 1.4625657751648893 13.361 1.04 1.5122988505747126 87
70 4.7 1.3057234042553192 0.6597399778612867 13.361 1.025 1.5473304347826085 115
80 4.5 1.382466666666667 0.899956877979285 13.361 1.025 1.4772345679012344 162
90 6.5 1.1561538461538459 0.16849654009405848 13.361 0.898 1.456632850241546 207
100 6 1.3037500000000004 0.6050502355176801 13.361 0.898 1.384827205882353 272
110 7.8 1.2258076923076926 0.5304023160431197 13.361 0.894 1.3701746987951808 332
120 13.7 1.4383868613138684 1.8805498506684881 22.024 0.894 1.3427097560975612 410
130 15.8 1.315063291139241 1.4196189481757233 22.024 0.876 1.3666727605118831 547
140 15 1.307906666666667 0.6830786225773884 22.024 0.876 1.3551063829787235 705
150 26.1 1.1723754789272027 0.23752553565537352 22.024 0.876 1.346825730994152 855
160 36.2 1.1778646408839775 0.344284261836971 22.024 0.876 1.30602688172043 1116
170 29 1.1990862068965527 0.4064571099434026 22.024 0.876 1.2746366711772663 1478
180 51.7 1.2133384912959364 0.5160106077584002 22.024 0.876 1.2622443438914026 1768
190 63.7 1.1652919937205657 0.6655656930910204 22.024 0.757 1.251178993435448 2285
200 61.1 1.146124386252044 0.52095641389921 22.024 0.757 1.2324555099247088 2922
210 102.2 1.1447759295499016 0.5484901850175032 22.024 0.757 1.2175253325785447 3533
220 125.2 1.0800806709265176 0.2931323710249021 22.024 0.757 1.2012026344676174 4555
230 124.2 1.287971819645734 1.508730840943339 22.024 0.757 1.1750885138625793 5807
240 42.7 1.1365081967213102 0.6076133999870483 22.024 0.757 1.1949780110653994 7049
249 0 0 0 22.024 0.757 1.1916384430176563 7476
