0 0.1 2.104103917127803 0 2.104103917127803 2.104103917127803 0 0
10 0.1 0.24975024975024976 0.0 2.104103917127803 0.24975024975024976 2.104103917127803 1
20 0.1 0.3001500750375188 0.0 2.104103917127803 0.24975024975024976 1.1769270834390264 2
30 0.1 0.39920159680638717 0.0 2.104103917127803 0.24975024975024976 0.8846680806385239 3
40 0.1 0.5505505505505506 0.0 2.104103917127803 0.24975024975024976 0.7633014596804897 4
50 0.1 0.8478802992518704 0.0 2.104103917127803 0.24975024975024976 0.7207512778545018 5
60 0.1 0.3498250874562719 0.0 2.104103917127803 0.24975024975024976 0.7419394480873965 6
70 0.1 0.8991008991008992 0.0 2.104103917127803 0.24975024975024976 0.6859231108543787 7
80 0.1 1.0 0.0 2.104103917127803 0.24975024975024976 0.7125703343851938 8
90 0.1 0.8504252126063032 0.0 2.104103917127803 0.24975024975024976 0.74450696389795 9
100 0.1 0.6006006006006006 0.0 2.104103917127803 0.24975024975024976 0.7550987887687853 10
110 0.1 1.3527054108216432 0.0 2.104103917127803 0.24975024975024976 0.7410534989353139 11
120 0.1 1.5515515515515517 0.0 2.104103917127803 0.24975024975024976 0.7920244915925081 12
130 0.1 1.3052208835341366 0.0 2.104103917127803 0.24975024975024976 0.850449650050896 13
140 0.1 1.8583626318432949 0.0 2.104103917127803 0.24975024975024976 0.8829333095854132 14
150 0.1 2.303455182774161 0.0 2.303455182774161 0.24975024975024976 0.9479619310692721 15
160 0.1 4.15207603801901 0.0 4.15207603801901 0.24975024975024976 1.0326802593008275 16
170 0.1 5.387713997985901 0.0 5.387713997985901 0.24975024975024976 1.2161741286371912 17
180 0.1 4.754754754754755 0.0 5.387713997985901 0.24975024975024976 1.4479263436010086 18
190 0.1 7.580321285140562 0.0 7.580321285140562 0.24975024975024976 1.6219699441880477 19
200 0.1 8.682483594144372 0.0 8.682483594144372 0.24975024975024976 1.9198875112356735 20
210 0.1 9.081786251881585 0.0 9.081786251881585 0.24975024975024976 2.2419158961360877 21
220 0.1 14.500752634219769 0.0 14.500752634219769 0.24975024975024976 2.5528190941245197 22
230 0.1 17.91044776119403 0.0 17.91044776119403 0.24975024975024976 3.0722944654330084 23
240 0.1 18.181818181818183 0.0 18.181818181818183 0.24975024975024976 3.6905508527563846 24
249 0.1 6.706706706706707 0.0 18.181818181818183 0.24975024975024976 4.270201545918857 25
