0 0.1 659.7109375 0 659.7109375 659.7109375 0 0
10 0.1 661.63671875 0.0 661.63671875 659.7109375 659.7109375 1
20 0.1 659.34765625 0.0 661.63671875 659.34765625 660.673828125 2
30 0.1 659.953125 0.0 661.63671875 659.34765625 660.2317708333334 3
40 0.1 658.12109375 0.0 661.63671875 658.12109375 660.162109375 4
50 0.1 656.19921875 0.0 661.63671875 656.19921875 659.75390625 5
60 0.1 660.3203125 0.0 661.63671875 656.19921875 659.1614583333334 6
70 0.1 655.8515625 0.0 661.63671875 655.8515625 659.3270089285714 7
80 0.1 653.0703125 0.0 661.63671875 653.0703125 658.892578125 8
90 0.1 652.953125 0.0 661.63671875 652.953125 658.2456597222222 9
100 0.1 643.3828125 0.0 661.63671875 643.3828125 657.71640625 10
110 0.1 640.125 0.0 661.63671875 640.125 656.4133522727273 11
120 0.1 636.12109375 0.0 661.63671875 636.12109375 655.0559895833334 12
130 0.1 620.984375 0.0 661.63671875 620.984375 653.5994591346154 13
140 0.1 604.5 0.0 661.63671875 604.5 651.2698102678571 14
150 0.1 604.70703125 0.0 661.63671875 604.5 648.1518229166667 15
160 0.1 603.56640625 0.0 661.63671875 603.56640625 645.4365234375 16
170 0.1 600.62109375 0.0 661.63671875 600.62109375 642.9735753676471 17
180 0.1 594.51171875 0.0 661.63671875 594.51171875 640.6206597222222 18
190 0.1 602.484375 0.0 661.63671875 594.51171875 638.1938733552631 19
200 0.1 608.23046875 0.0 661.63671875 594.51171875 636.4083984375 20
210 0.1 607.36328125 0.0 661.63671875 594.51171875 635.0665922619048 21
220 0.1 597.46484375 0.0 661.63671875 594.51171875 633.8073508522729 22
230 0.1 594.31640625 0.0 661.63671875 594.31640625 632.2272418478262 23
240 0.1 595.8203125 0.0 661.63671875 594.31640625 630.6476236979169 24
249 0.1 594.06640625 0.0 661.63671875 594.06640625 629.2545312500001 25
