0 0.1 0.0 0 0.0 0.0 0 0
10 0.1 0.0 0.0 0.0 0.0 0.0 1
20 0.1 0.0 0.0 0.0 0.0 0.0 2
30 0.1 0.0 0.0 0.0 0.0 0.0 3
40 0.1 0.0 0.0 0.0 0.0 0.0 4
50 0.1 0.0 0.0 0.0 0.0 0.0 5
60 0.1 0.0 0.0 0.0 0.0 0.0 6
70 0.1 0.0 0.0 0.0 0.0 0.0 7
80 0.1 0.0 0.0 0.0 0.0 0.0 8
90 0.1 0.0 0.0 0.0 0.0 0.0 9
100 0.1 0.0 0.0 0.0 0.0 0.0 10
110 0.1 0.0 0.0 0.0 0.0 0.0 11
120 0.1 0.0 0.0 0.0 0.0 0.0 12
130 0.1 0.0 0.0 0.0 0.0 0.0 13
140 0.1 0.078125 0.0 0.078125 0.0 0.0 14
150 0.1 0.0703125 0.0 0.078125 0.0 0.005208333333333333 15
160 0.1 0.05859375 0.0 0.078125 0.0 0.00927734375 16
170 0.1 0.12890625 0.0 0.12890625 0.0 0.012178308823529412 17
180 0.1 0.109375 0.0 0.12890625 0.0 0.018663194444444444 18
190 0.1 0.08984375 0.0 0.12890625 0.0 0.0234375 19
200 0.1 0.078125 0.0 0.12890625 0.0 0.0267578125 20
210 0.1 0.140625 0.0 0.140625 0.0 0.029203869047619048 21
220 0.1 0.19921875 0.0 0.19921875 0.0 0.03426846590909091 22
230 0.1 0.23828125 0.0 0.23828125 0.0 0.041440217391304345 23
240 0.1 0.3515625 0.0 0.3515625 0.0 0.049641927083333336 24
249 0.1 0.30078125 0.0 0.3515625 0.0 0.06171875 25
