0 0.8 107.576875 94.48844387203853 228.761 8.481 0 0
10 4.4 89.6286818181818 99.26282884452236 263.907 8.081 107.576875 8
20 5.2 64.28588461538456 80.97697951427874 263.907 8.081 92.3899423076923 52
30 6.9 114.17218840579709 138.10865147540835 756.169 8.081 78.33791346153842 104
40 12.1 96.50786776859502 110.90200812801135 756.169 7.618 92.63019653179187 173
50 5.2 67.7815 84.38937001562824 756.169 7.618 94.22610884353738 294
60 9.4 132.26720212765963 138.7443592898717 756.169 7.509 90.25177456647396 346
70 18.8 129.88612765957427 143.63895918836826 756.169 7.509 99.22779772727272 440
80 18.8 238.8684787234042 285.0704574031796 1589.329 7.509 108.4057691082802 628
90 13 691.9463615384614 540.2489863156688 2071.513 7.509 138.46335416666662 816
100 28 1806.3207964285714 889.1630987710045 5180.624 7.509 214.52338689217754 946
110 28 1200.1580071428566 777.0879899160066 5180.624 7.509 578.0660252854811 1226
120 28.5 1901.318845614036 921.0022799009844 5180.624 7.509 693.7272171314739 1506
130 40.1 3019.471618453868 2686.1038536547394 10580.753 0.587 885.8900390843105 1791
140 55.1 3195.4921923774973 3929.226820918246 15028.498 0.581 1276.2030926094897 2192
150 80 2858.782656249997 3827.9801688559805 16769.308 0.565 1661.7402030623414 2743
160 110.2 1677.6521615245001 3026.299502919768 16769.308 0.565 1932.0292130962462 3543
170 98.2 1869.2982097759657 3018.1484288632073 16769.308 0.562 1871.6796951560818 4645
180 153.3 1346.784236138288 2703.8501810795638 16769.308 0.558 1871.2640885018657 5627
190 196.3 952.5661732042774 2257.743515669107 16769.308 0.558 1758.9697290502786 7160
200 192.3 1087.1102693707699 2484.792335326113 16769.308 0.554 1585.455514414117 9123
210 297.7 628.1754538125622 1854.8173067360342 16769.308 0.554 1498.6985067897865 11046
220 388.9 498.7109280020553 1549.5472522418634 16769.308 0.554 1313.891608928188 14023
230 380.9 531.4173289577337 1563.3961492078065 16769.308 0.554 1136.9020115564967 17912
240 172.7 981.903262304573 2139.7930142571463 16769.308 0.554 1030.7240659730205 21721
249 33.8 4151.283653846158 2579.6541664251727 16769.308 0.554 1027.128299684407 23448
