0 0.9 95.5982222222222 94.67237793426547 228.761 8.481 0 0
10 5.3 74.37958490566037 94.51546739434289 255.331 8.081 95.5982222222222 9
20 6.8 49.125102941176465 74.54417436802149 255.331 8.081 77.45970967741934 62
30 8.4 93.75076190476187 128.47952886611 756.169 8.081 62.63853076923076 130
40 15.1 77.30068211920526 104.87276821197196 756.169 7.618 74.85080841121494 214
50 6.7 52.57185074626867 78.34162565695672 756.169 7.618 75.86431780821916 365
60 11.3 109.99194690265487 134.37795580448406 756.169 7.509 72.2518287037037 432
70 23.6 103.55095338983048 135.90470311068617 756.169 7.509 80.07684403669724 545
80 23.6 190.13117372881348 233.19230531680407 1194.077 7.509 87.1701728553137 781
90 13.9 664.4988561151081 545.5043196902283 2071.513 7.509 111.06279449360864 1017
100 35.5 1444.4174225352115 581.4072915075042 2997.787 7.509 177.60917214532873 1156
110 35.1 967.3572849002841 490.3220021665209 3065.283 7.509 475.23784778292526 1511
120 34.2 1603.7983888888891 655.6419898522595 3376.997 7.509 568.005797529538 1862
130 47.8 2620.7733828451906 2525.5198619418247 7039.855 0.587 728.7322341197821 2204
140 71.2 2645.5988792134835 3411.6867037005736 8716.294 0.581 1065.9416558538408 2682
150 103.7 2126.1567608486034 2788.2863666161606 8716.294 0.565 1397.3252572186216 3394
160 144.2 1282.5254431345368 2497.5096602230574 8716.294 0.565 1567.895843827579 4431
170 128.3 1444.1894715510512 2521.9648143366076 8716.294 0.562 1497.8287371019928 5873
180 199.5 1023.7110060150401 2152.4005869810303 8716.294 0.558 1488.2117474846286 7156
190 258.6 718.6426163959786 1843.9919922980002 8716.294 0.558 1386.9464235602672 9151
200 253.9 809.1831685703013 2081.297073756779 8716.294 0.554 1239.6997979040646 11737
210 386.1 485.22416601916507 1547.8600595062146 8716.294 0.554 1163.1320112776689 14276
220 515.2 374.31951261645884 1271.3155001203568 8716.294 0.554 1018.8191596184594 18137
230 506.2 401.7865545239041 1316.5601462974853 8716.294 0.554 876.2427423676411 23289
240 241.6 730.1640339403979 1789.7505457365478 8716.294 0.554 791.5297790554123 28351
249 49.5 2599.466933333338 2172.0946669635264 8716.294 0.554 786.7109913868754 30767
