0 0.2 2084.9575 527.1615000000002 2612.119 1557.796 0 0
10 0.9 2384.9023333333334 423.49305026515947 3144.886 1557.796 2084.9575 2
20 1.5 2113.8262666666665 548.2984067056267 3144.886 1331.236 2330.3669090909093 11
30 1.6 2238.3248750000002 593.4015904500167 3216.105 1308.819 2205.4396153846155 26
40 3 2034.8572666666662 444.3115774753068 3216.105 1308.819 2217.9673333333335 42
50 1.4 2434.0407142857143 594.2660282638491 3295.707 1308.819 2141.6714722222223 72
60 1.9 2401.5381578947363 546.0827226138878 3295.707 1308.819 2189.2664651162795 86
70 4.9 2670.8276530612247 627.2751752708566 3739.886 1308.819 2227.6775333333335 105
80 5 2870.2631999999994 873.7250255797186 5849.556 1308.819 2368.679844155844 154
90 0.4 2913.5877499999997 339.2187645991703 5849.556 1308.819 2491.6169411764704 204
100 7.3 8280.344493150686 1356.262087563524 11901.831 1308.819 2499.731764423077 208
110 6.6 7218.544454545453 1737.7589501164746 11901.831 1308.819 4001.4567793594306 281
120 5.8 8559.684344827585 1253.1285844893691 11901.831 1308.819 4613.352417867435 347
130 7.8 9231.205717948716 5083.5118835421445 19140.269 1102.782 5178.506125925926 405
140 14.6 10508.218671232871 7715.600748034897 26376.248 1026.681 5832.979351966873 483
150 23.6 12475.617940677963 9905.527778757525 30833.855 1008.728 6918.170036565976 629
160 34.9 7953.316518624642 8823.698238977802 35664.343 1008.728 8434.421719075142 865
170 30.1 7801.9800830564745 7586.800762418396 35775.691 1008.728 8296.113881383853 1214
180 45.8 6937.870117903937 7498.008318390095 35775.691 1008.728 8197.939443564355 1515
190 63 5112.268557142845 6055.573353974534 35775.691 1006.615 7905.434754688293 1973
200 61.7 5342.3304991896275 5571.91618582119 35775.691 1006.615 7229.4091286976545 2603
210 88.9 4328.7396546681575 4821.291835626208 35775.691 1006.615 6867.816732919253 3220
220 125.9 3666.8274432088933 3885.466237234327 35775.691 1006.615 6318.4763769773635 4109
230 124.8 3581.440563301281 3401.9871758224313 35775.691 1006.532 5696.563931445601 5368
240 68 3954.6033264705848 3880.423588846061 35775.691 1006.528 5297.580563331316 6616
249 18 15177.13611111111 2748.8457566383618 35775.691 1006.528 5172.412728755479 7296
