0 3.459375 3.459375
10 23.0109375 26.4703125
20 33.2421875 59.7125
30 37.3265625 97.0390625
40 68.84140625 165.88046875
50 32.16484375 198.0453125
60 48.8046875 246.85
70 109.67109375 356.52109375
80 108.434375 464.95546875
90 68.08125 533.03671875
100 166.5890625 699.62578125
110 162.4921875 862.11796875
120 163.86640625 1025.984375
130 180.82578125 1206.81015625
140 222.48046875 1429.290625
150 299.66796875 1728.95859375
160 346.7546875 2075.71328125
170 332.74296875 2408.45625
180 458.08828125 2866.54453125
190 544.24375 3410.78828125
200 542.2375 3953.02578125
210 748.3078125 4701.33359375
220 989.23359375 5690.5671875
230 973.4703125 6664.0375
240 534.0984375 7198.1359375
249 179.06015625 7377.19609375
