0 11.8828125 11.8828125
10 91.059375 102.9421875
20 148.08515625 251.02734375
30 153.68359375 404.7109375
40 302.178125 706.8890625
50 148.8609375 855.75
60 207.54609375 1063.29609375
70 509.06796875 1572.3640625
80 526.071875 2098.4359375
90 270.49375 2368.9296875
100 864.7484375 3233.678125
110 809.52578125 4043.20390625
120 763.55 4806.75390625
130 650.21484375 5456.96875
140 829.15 6286.11875
150 1333.46953125 7619.58828125
160 1087.34765625 8706.9359375
170 1359.6828125 10066.61875
180 1572.04921875 11638.66796875
190 1556.74140625 13195.409375
200 1807.35390625 15002.76328125
210 2054.93828125 17057.7015625
220 2622.70078125 19680.40234375
230 2764.91484375 22445.3171875
240 1839.37734375 24284.69453125
249 1474.8734375 25759.56796875
