0 4.4 44
10 4.9 93
20 3.5 128
30 6.5 193
40 8.4 277
50 8 357
60 10.1 458
70 25.8 716
80 17.6 892
90 28.7 1179
100 38.9 1568
110 42.3 1991
120 64.5 2636
130 83.4 3470
140 80.1 4271
150 108.6 5357
160 155.2 6909
170 150 8409
180 246.5 10874
190 323.7 14111
200 310.7 17218
210 446.4 21682
220 599.9 27681
230 652.8 34209
240 897.5 43184
250 1225.6 55440
260 1186.4 67304
270 1448.8 81792
280 1571.6 97508
290 1600.9 113517
300 1210.3 125620
310 0 125620
320 0 125620
330 0 125620
340 0 125620
350 0 125620
354 0 125620
