0 1 2.4460999999999995 3.10729584848305 11.744 1.176 0 0
10 0.9 1.465 0.23565747271080634 11.744 1.115 2.4460999999999995 10
20 0.7 1.4021428571428571 0.24578296382402592 11.744 1.115 1.9813684210526312 19
30 1.3 1.4090000000000003 0.3340736906271291 11.744 1.07 1.8254230769230766 26
40 1.8 1.4042222222222225 0.17549154951340898 11.744 1.07 1.6866153846153844 39
50 1.6 1.6744375000000002 1.0104002281738411 11.744 1.07 1.597438596491228 57
60 2.1 1.7850952380952378 1.8097744112184628 11.744 1.034 1.6143150684931507 73
70 5.2 1.4318269230769227 0.7458755237755531 11.744 1.034 1.6524680851063829 94
80 3.6 1.3951388888888883 0.23952825775977268 11.744 1.034 1.5738835616438354 146
90 6 1.530116666666667 0.9146826424443009 11.744 0.988 1.5385274725274722 182
100 7.9 1.5634556962025319 1.2756032556240564 11.744 0.988 1.5364421487603304 242
110 8.5 1.487705882352941 0.7052660378063338 11.744 0.969 1.5430903426791278 321
120 13.6 1.4161911764705888 0.8396033247095449 11.744 0.883 1.5314950738916258 406
130 16.8 1.4056190476190484 0.5791552017658362 11.744 0.883 1.5025627306273066 542
140 15.9 1.3962201257861637 0.5927937654867703 11.744 0.883 1.4796239436619723 710
150 23.2 1.3998318965517242 0.6802754843975088 11.744 0.883 1.4643636363636368 869
160 30.6 1.4478006535947707 0.5333455967948811 11.744 0.883 1.4507656675749323 1101
170 30.2 1.4281192052980143 0.6698583069224494 11.744 0.883 1.450120824449183 1407
180 53.2 1.356592105263159 0.6761370518949485 11.744 0.883 1.4462328847279113 1709
190 64 1.3060124999999982 0.47823865299529034 11.744 0.883 1.42495269968764 2241
200 61.2 1.2973774509803926 0.45468700684913355 11.744 0.859 1.3985307185005207 2881
210 93.7 1.2977086446104589 0.6992025915985747 14.264 0.732 1.3808079015173205 3493
220 121.8 1.280591133004924 0.4386117208816648 14.264 0.732 1.3632313769751692 4430
230 130.3 1.2501534919416732 0.42385695803671863 14.264 0.723 1.3454098796033989 5648
240 190.2 1.3131713985278681 0.8742786902619193 21.125 0.72 1.327553589411595 6951
250 245.6 1.2545814332247562 0.48450677332850894 21.125 0.708 1.3244636846266804 8853
260 236.8 1.2300709459459502 0.43984334880380205 21.125 0.708 1.3092872048810684 11309
270 392.6 1.3126530820173183 0.7820969698665923 28.502 0.689 1.2955719090443818 13677
280 509.3 1.3711229138032592 0.8262786773195624 28.502 0.689 1.2993815258762713 17603
290 504.9 1.342436125965541 0.5701286758281069 28.502 0.684 1.3154803489601692 22696
300 224.9 1.345890618052467 0.4667696262497661 28.502 0.684 1.320385727158047 27745
310 0 0 0 28.502 0.684 1.3222981262919253 29994
320 0 0 0 28.502 0.684 1.3222981262919253 29994
330 0 0 0 28.502 0.684 1.3222981262919253 29994
340 0 0 0 28.502 0.684 1.3222981262919253 29994
350 0 0 0 28.502 0.684 1.3222981262919253 29994
354 0 0 0 28.502 0.684 1.3222981262919253 29994
