0 0.1 5.217221763464538 0 5.217221763464538 5.217221763464538 0 0
10 0.1 0.5002501250625313 0.0 5.217221763464538 0.5002501250625313 5.217221763464538 1
20 0.1 0.2 0.0 5.217221763464538 0.2 2.8587359442635347 2
30 0.1 0.3494757863205192 0.0 5.217221763464538 0.2 1.9724906295090232 3
40 0.1 0.15015015015015015 0.0 5.217221763464538 0.15015015015015015 1.5667369187118971 4
50 0.1 0.40060090135202797 0.0 5.217221763464538 0.15015015015015015 1.2834195649995477 5
60 0.1 0.3003003003003003 0.0 5.217221763464538 0.15015015015015015 1.1362831210582944 6
70 0.1 0.3498250874562719 0.0 5.217221763464538 0.15015015015015015 1.0168570038071523 7
80 0.1 0.8008008008008007 0.0 5.217221763464538 0.15015015015015015 0.9334780142632922 8
90 0.1 0.5012531328320802 0.0 5.217221763464538 0.15015015015015015 0.9187361016563488 9
100 0.1 1.0468594217347957 0.0 5.217221763464538 0.15015015015015015 0.8769878047739219 10
110 0.1 1.098901098901099 0.0 5.217221763464538 0.15015015015015015 0.8924306790430923 11
120 0.1 1.05 0.0 5.217221763464538 0.15015015015015015 0.9096365473645928 12
130 0.1 1.8527791687531296 0.0 5.217221763464538 0.15015015015015015 0.9204337360288549 13
140 0.1 2.2533800701051576 0.0 5.217221763464538 0.15015015015015015 0.9870298383663031 14
150 0.1 3.4739454094292808 0.0 5.217221763464538 0.15015015015015015 1.0714531871488935 15
160 0.1 4.108216432865731 0.0 5.217221763464538 0.15015015015015015 1.2216089510414176 16
170 0.1 4.609218436873747 0.0 5.217221763464538 0.15015015015015015 1.3914093911487302 17
180 0.1 4.8490846115784265 0.0 5.217221763464538 0.15015015015015015 1.5701765603556757 18
190 0.1 8.20253164556962 0.0 8.20253164556962 0.15015015015015015 1.742750668314768 19
200 0.1 10.534274193548388 0.0 10.534274193548388 0.15015015015015015 2.0657397171775105 20
210 0.1 9.414758269720101 0.0 10.534274193548388 0.15015015015015015 2.469003263671362 21
220 0.1 15.415617128463477 0.0 15.415617128463477 0.15015015015015015 2.784719400309941 22
230 0.1 19.18987341772152 0.0 19.18987341772152 0.15015015015015015 3.333888866751399 23
240 0.1 18.833849329205364 0.0 19.18987341772152 0.15015015015015015 3.9945548897084877 24
250 0.1 29.033942558746734 0.0 29.033942558746734 0.15015015015015015 4.588126667288363 25
260 0.1 33.45473465140479 0.0 33.45473465140479 0.15015015015015015 5.528350355421377 26
270 0.1 32.863849765258216 0.0 33.45473465140479 0.15015015015015015 6.562660884902245 27
280 0.1 47.43521946060286 0.0 47.43521946060286 0.15015015015015015 7.501989059200673 28
290 0.1 56.574122577265584 0.0 56.574122577265584 0.15015015015015015 8.87899700407661 29
300 0.1 56.22406639004149 0.0 56.574122577265584 0.15015015015015015 10.46883452318291 30
310 0.1 27.52953261427838 0.0 56.574122577265584 0.15015015015015015 11.944809744694476 31
320 0.1 0.10005002501250625 0.0 56.574122577265584 0.10005002501250625 12.431832334368973 32
330 0.1 0.10005002501250625 0.0 56.574122577265584 0.10005002501250625 12.05814196135817 33
340 0.1 0.04997501249375312 0.0 56.574122577265584 0.04997501249375312 11.706433374995061 34
350 0.1 0.05002501250625312 0.0 56.574122577265584 0.04997501249375312 11.373391707495024 35
354 0.1 0.7003501750875438 0.0 56.574122577265584 0.04997501249375312 11.058853743745336 36
