0 0.1 673.3515625 0 673.3515625 673.3515625 0 0
10 0.1 671.65234375 0.0 673.3515625 671.65234375 673.3515625 1
20 0.1 671.29296875 0.0 673.3515625 671.29296875 672.501953125 2
30 0.1 671.66796875 0.0 673.3515625 671.29296875 672.0989583333334 3
40 0.1 671.515625 0.0 673.3515625 671.29296875 671.9912109375 4
50 0.1 670.6875 0.0 673.3515625 670.6875 671.89609375 5
60 0.1 670.80859375 0.0 673.3515625 670.6875 671.6946614583334 6
70 0.1 671.62890625 0.0 673.3515625 670.6875 671.5680803571429 7
80 0.1 663.86328125 0.0 673.3515625 663.86328125 671.57568359375 8
90 0.1 664.58984375 0.0 673.3515625 663.86328125 670.71875 9
100 0.1 661.13671875 0.0 673.3515625 661.13671875 670.105859375 10
110 0.1 663.890625 0.0 673.3515625 661.13671875 669.2904829545455 11
120 0.1 666.6171875 0.0 673.3515625 661.13671875 668.8404947916666 12
130 0.1 661.5 0.0 673.3515625 661.13671875 668.6694711538462 13
140 0.1 658.94921875 0.0 673.3515625 658.94921875 668.1573660714286 14
150 0.1 651.53125 0.0 673.3515625 651.53125 667.5434895833333 15
160 0.1 641.9765625 0.0 673.3515625 641.9765625 666.542724609375 16
170 0.1 652.65625 0.0 673.3515625 641.9765625 665.09765625 17
180 0.1 650.8125 0.0 673.3515625 641.9765625 664.4064670138889 18
190 0.1 617.6640625 0.0 673.3515625 617.6640625 663.6909950657895 19
200 0.1 618.1171875 0.0 673.3515625 617.6640625 661.3896484375 20
210 0.1 618.06640625 0.0 673.3515625 617.6640625 659.3290550595239 21
220 0.1 597.48828125 0.0 673.3515625 597.48828125 657.4534801136364 22
230 0.1 586.10546875 0.0 673.3515625 586.10546875 654.8462975543479 23
240 0.1 590.34765625 0.0 673.3515625 586.10546875 651.9820963541667 24
250 0.1 533.74609375 0.0 673.3515625 533.74609375 649.5167187500001 25
260 0.1 530.8515625 0.0 673.3515625 530.8515625 645.0640024038463 26
270 0.1 531.2421875 0.0 673.3515625 530.8515625 640.8339120370372 27
280 0.1 251.0703125 0.0 673.3515625 251.0703125 636.9199218750001 28
290 0.1 211.8515625 0.0 673.3515625 211.8515625 623.6147629310346 29
300 0.1 217.04296875 0.0 673.3515625 211.8515625 609.8893229166667 30
310 0.1 476.5546875 0.0 673.3515625 211.8515625 597.2168598790324 31
320 0.1 534.86328125 0.0 673.3515625 211.8515625 593.4461669921876 32
330 0.1 551.03125 0.0 673.3515625 211.8515625 591.6709280303031 33
340 0.1 551.58984375 0.0 673.3515625 211.8515625 590.475643382353 34
350 0.1 552.125 0.0 673.3515625 211.8515625 589.3646205357144 35
354 0.1 591.2265625 0.0 673.3515625 211.8515625 588.3301866319446 36
