0 0.1 0.171875 0 0.171875 0.171875 0 0
10 0.1 0.140625 0.0 0.171875 0.140625 0.171875 1
20 0.1 0.12109375 0.0 0.171875 0.12109375 0.15625 2
30 0.1 0.1015625 0.0 0.171875 0.1015625 0.14453125 3
40 0.1 0.078125 0.0 0.171875 0.078125 0.1337890625 4
50 0.1 0.0703125 0.0 0.171875 0.0703125 0.12265625 5
60 0.1 0.05859375 0.0 0.171875 0.05859375 0.11393229166666667 6
70 0.1 0.05078125 0.0 0.171875 0.05078125 0.10602678571428571 7
80 0.1 0.0390625 0.0 0.171875 0.0390625 0.09912109375 8
90 0.1 0.03125 0.0 0.171875 0.03125 0.09244791666666667 9
100 0.1 0.109375 0.0 0.171875 0.03125 0.086328125 10
110 0.1 0.08984375 0.0 0.171875 0.03125 0.08842329545454546 11
120 0.1 0.078125 0.0 0.171875 0.03125 0.08854166666666667 12
130 0.1 0.0703125 0.0 0.171875 0.03125 0.08774038461538461 13
140 0.1 0.05859375 0.0 0.171875 0.03125 0.08649553571428571 14
150 0.1 0.05078125 0.0 0.171875 0.03125 0.08463541666666667 15
160 0.1 0.0390625 0.0 0.171875 0.03125 0.08251953125 16
170 0.1 0.03125 0.0 0.171875 0.03125 0.07996323529411764 17
180 0.1 0.03125 0.0 0.171875 0.03125 0.07725694444444445 18
190 0.1 0.01953125 0.0 0.171875 0.01953125 0.07483552631578948 19
200 0.1 0.1015625 0.0 0.171875 0.01953125 0.0720703125 20
210 0.1 0.078125 0.0 0.171875 0.01953125 0.07347470238095238 21
220 0.1 0.0703125 0.0 0.171875 0.01953125 0.07368607954545454 22
230 0.1 0.21875 0.0 0.21875 0.01953125 0.07353940217391304 23
240 0.1 0.33984375 0.0 0.33984375 0.01953125 0.07958984375 24
250 0.1 0.2890625 0.0 0.33984375 0.01953125 0.09 25
260 0.1 0.23828125 0.0 0.33984375 0.01953125 0.09765625 26
270 0.1 0.19921875 0.0 0.33984375 0.01953125 0.10286458333333333 27
280 0.1 0.328125 0.0 0.33984375 0.01953125 0.10630580357142858 28
290 0.1 0.44140625 0.0 0.44140625 0.01953125 0.11395474137931035 29
300 0.1 0.58984375 0.0 0.58984375 0.01953125 0.12486979166666666 30
310 0.1 0.6484375 0.0 0.6484375 0.01953125 0.13986895161290322 31
320 0.1 0.55078125 0.0 0.6484375 0.01953125 0.15576171875 32
330 0.1 0.4609375 0.0 0.6484375 0.01953125 0.16773200757575757 33
340 0.1 0.390625 0.0 0.6484375 0.01953125 0.17635569852941177 34
350 0.1 0.328125 0.0 0.6484375 0.01953125 0.18247767857142858 35
354 0.1 0.28125 0.0 0.6484375 0.01953125 0.1865234375 36
