0 1.7 110.82676470588235 47.47048972414883 241.807 47.084 0 0
10 2 54.354099999999995 18.545185027116872 241.807 25.495 110.82676470588235 17
20 1.4 52.55064285714286 33.75692914818092 241.807 25.495 80.30099999999999 37
30 2.6 37.627269230769244 9.78734517534561 241.807 25.495 72.68325490196078 51
40 3.3 34.796151515151514 6.919868408808435 241.807 24.961 60.846168831168825 77
50 3.2 32.0444375 4.712927732163283 241.807 24.125 53.03116363636364 110
60 4 32.220899999999986 4.690393649791027 241.807 23.594 48.301760563380284 142
70 10.3 34.009514563106805 8.551827302451388 241.807 23.594 44.76750549450549 182
80 7 32.824385714285704 6.149301944803763 241.807 23.405 40.87952982456141 285
90 11.3 32.902353982300895 7.242497513197978 241.807 23.064 39.291191549295775 355
100 15.5 32.40556774193546 7.622130382087413 241.807 22.584 37.74858760683761 468
110 16.9 31.64144378698225 4.682461708879647 241.807 20.706 36.41926484751203 623
120 25.5 32.71468235294119 7.641587957155469 241.807 20.59 35.39975505050505 792
130 33.3 31.42334234234234 5.235537404396205 241.807 19.407 34.745797516714426 1047
140 32.1 31.548417445482848 5.508259844753881 241.807 19.404 33.94407463768116 1380
150 42.7 31.417271662763465 5.338163038796721 241.807 18.758 33.49198412698413 1701
160 62.3 31.8189598715891 6.204247946969463 241.807 18.758 33.07567669172933 2128
170 59.9 31.88987479131887 5.392201992064184 241.807 18.626 32.79107669938205 2751
180 96.6 32.237349896480396 6.893147264559622 241.807 16.494 32.62993641791046 3350
190 129.8 30.69853775038524 5.988125758072533 241.807 15.797 32.5420683503244 4316
200 124.9 30.919019215372252 6.858752351695495 241.807 15.797 32.11582988956184 5614
210 176.2 32.30030419977308 8.049567942062914 241.807 15.053 31.898021856331066 6863
220 239 32.285322175732105 7.6754859951597325 241.807 15.053 31.980204057971044 8625
230 261.3 32.235101033295045 8.281261272154358 241.807 15.053 32.04640762596459 11015
240 353.8 41.763265969474354 15.920618745012996 241.807 15.053 32.082587246844724 13628
250 489.7 44.09730916887873 14.100221050640586 241.807 15.053 34.07782442036585 17166
260 474.7 43.379063829787235 19.068835072749923 241.807 15.053 36.30170226170509 22063
270 575.2 539.2957081015284 568.9056389749726 2092.373 2.077 37.55482555016782 26810
280 1023.3 1007.3170865826203 575.6366231371039 2349.334 1.937 126.18616135372491 32562
290 999.1 1031.8883974577113 563.549736438312 2349.334 1.921 336.87929741792135 42795
300 720.2 982.3240195778923 577.3916191917385 2349.334 1.88 468.42622119501266 52786
310 0 0 0 2349.334 1.88 530.1234263686057 59988
320 0 0 0 2349.334 1.88 530.1234263686057 59988
330 0 0 0 2349.334 1.88 530.1234263686057 59988
340 0 0 0 2349.334 1.88 530.1234263686057 59988
350 0 0 0 2349.334 1.88 530.1234263686057 59988
354 0 0 0 2349.334 1.88 530.1234263686057 59988
