0 4.4 42.76 30.19000992050185 116.74 7.624 0 0
10 4.9 22.124734693877556 12.343335798879426 116.74 7.582 42.76 44
20 3.5 20.95857142857143 16.191350414492856 116.74 7.582 31.887655913978495 93
30 6.5 14.996153846153845 5.218922907534935 116.74 7.512 28.899234375000002 128
40 8.4 13.601761904761899 3.3838668203102165 116.74 7.207 24.216849740932645 193
50 8 12.760662500000002 2.391187800778883 116.74 7.207 20.997833935018054 277
60 10.1 12.702138613861381 2.64490595774985 116.74 6.73 19.15196918767507 357
70 25.8 13.518689922480613 5.2871648581432815 116.74 6.197 17.729626637554585 458
80 17.6 12.992624999999993 3.41224251879937 116.74 6.197 16.21227793296089 716
90 28.7 12.943519163763064 4.515674637009746 116.74 6.197 15.577010089686096 892
100 38.9 12.8513059125964 4.363263638601194 116.74 6.057 14.935948261238334 1179
110 42.3 12.613241134751783 2.6381332829199096 116.74 5.536 14.41877614795918 1568
120 64.5 12.85552558139535 4.796499045101089 116.74 5.536 14.035179306880964 1991
130 83.4 12.492677458033567 2.951796195075406 116.74 5.294 13.746531107738999 2636
140 80.1 12.582833957553065 3.2550420082621048 116.74 4.982 13.445172622478385 3470
150 108.6 12.299023941068143 3.225202618069697 116.74 4.982 13.283446265511591 4271
160 155.2 12.706119845360812 3.5208513941603394 116.74 4.831 13.083878850102671 5357
170 150 12.679624 3.2015696981258004 116.74 4.831 12.999021131856997 6909
180 246.5 12.597840973630857 4.21901595025472 116.74 4.831 12.942046973480794 8409
190 323.7 12.263431572443631 3.6653212526472525 116.74 4.831 12.864019771933057 10874
200 310.7 12.371958480849713 4.002384169722877 116.74 4.792 12.72624753738219 14111
210 446.4 12.711428987455177 4.894242844454579 116.74 4.584 12.662315832268563 17218
220 599.9 12.825858476412684 4.854942795378619 116.74 4.584 12.672427497463335 21682
230 652.8 12.848749234068585 5.258001410381241 116.74 4.584 12.705678913334046 27681
240 897.5 16.410346406685328 9.552976086357585 116.74 4.584 12.732980589903224 34209
250 1225.6 17.584991106396867 9.494997495237435 116.74 4.584 13.497253427195263 43184
260 1186.4 17.298621122724178 11.491061907476551 148.354 4.584 14.400920689033194 55440
270 1556.8 224.25882733812958 248.5659608953332 899.713 0.861 14.911712290502793 67304
280 2560.6 400.9644797313135 320.29339512206144 943.402 0.838 54.23881779129261 82872
290 2502.6 411.2900640134286 311.2197104442136 943.402 0.838 136.08266907575745 108478
300 1646.6 409.0342267703169 297.2656189444915 943.402 0.838 187.67168712548 133504
310 0 0 0 943.402 0.838 211.97625189037888 149970
320 0 0 0 943.402 0.838 211.97625189037888 149970
330 0 0 0 943.402 0.838 211.97625189037888 149970
340 0 0 0 943.402 0.838 211.97625189037888 149970
350 0 0 0 943.402 0.838 211.97625189037888 149970
354 0 0 0 943.402 0.838 211.97625189037888 149970
