0 0.7 2241.702428571429 392.36201988865065 2762.895 1745.184 0 0
10 1.1 1874.7399090909091 384.1475820880338 2762.895 1257.923 2241.702428571429 7
20 0.8 2334.58275 501.01150509138756 3059.957 1257.923 2017.4475555555557 18
30 1.2 2140.34175 432.1251754025533 3059.957 1257.923 2115.0276153846157 26
40 1.5 2183.6627333333336 517.9703084193748 3059.957 1257.923 2123.021552631579 38
50 1.8 1897.017111111111 655.2858144884303 3059.957 1086.312 2140.1841509433966 53
60 1.9 2342.0303684210526 405.81007731789873 3059.957 1086.312 2078.536169014085 71
70 5 2066.9858200000012 533.486412170008 3059.957 1086.312 2134.1627222222223 90
80 3.4 2061.9012352941177 554.0187897774533 3059.957 1086.312 2110.170971428572 140
90 5.5 2034.675672727273 638.6119809692398 3059.957 1086.312 2100.738954022989 174
100 7.5 2095.0492133333337 580.1333566349791 3059.957 1086.312 2084.8722270742364 229
110 8.5 2052.8139176470595 615.1752458916598 3059.957 1070.988 2087.382996710527 304
120 12.1 2014.3932148760318 583.7595365965269 3072.578 1070.988 2079.8293419023144 389
130 16.8 2086.6207083333347 578.1442856036949 3072.578 1064.734 2064.3043000000002 510
140 15.8 2108.7976012658223 566.463312618642 3072.578 1064.734 2069.834029498526 678
150 19.7 2073.1412335025375 577.765616106084 3072.578 1064.734 2077.197958133972 836
160 31.3 2126.1466709265183 567.650367544531 3072.578 1064.734 2076.4243136495647 1033
170 30 2102.7243433333338 573.2992784959459 3072.578 1064.476 2087.9867934621107 1346
180 43.7 2054.0462082379877 596.5193005710547 3072.578 1064.476 2090.672859659782 1646
190 65.7 2051.6162557077655 573.542609865136 3072.578 1058.507 2082.9888238118106 2083
200 63.8 2066.405478056422 569.5497277367878 3082.392 1058.507 2075.466277372264 2740
210 82.2 2006.5790024330888 587.1295767633985 3082.392 1055.363 2073.7549718768505 3378
220 117.9 2055.8347031382514 569.9462856243182 3082.392 1055.363 2060.6076749999997 4200
230 130.4 2042.7428842024572 577.5312020267268 3103.733 1055.363 2059.5615077151883 5379
240 175.9 2023.698538942575 574.8158677721781 3136.639 1055.363 2056.2798250785577 6683
250 244.9 2086.735881584316 577.9469321686577 3136.639 1055.363 2049.491092276711 8442
260 236.5 2098.2996152219926 576.638855774667 3146.052 1055.363 2057.8661257001177 10891
270 255.6 2697.927078638494 863.0351491869093 4896.705 1055.363 2065.079855537115 13256
280 508.8 4017.357837657214 937.4605685143973 6457.406 1019.868 2167.3792169238545 15812
290 492.8 4056.1644439934835 958.4417389490296 6494.797 1019.868 2617.7472179904257 20900
300 416.6 4069.8401627460316 880.6584715663121 6494.797 1019.868 2892.198204893905 25828
310 0 0 0 6494.797 1019.868 3055.766131692997 29994
320 0 0 0 6494.797 1019.868 3055.766131692997 29994
330 0 0 0 6494.797 1019.868 3055.766131692997 29994
340 0 0 0 6494.797 1019.868 3055.766131692997 29994
350 0 0 0 6494.797 1019.868 3055.766131692997 29994
354 0 0 0 6494.797 1019.868 3055.766131692997 29994
