0 13.67421875 13.67421875
10 15.83125 29.50546875
20 11.153125 40.65859375
30 20.72421875 61.3828125
40 26.3859375 87.76875
50 25.49921875 113.26796875
60 31.9953125 145.26328125
70 82.14609375 227.409375
80 55.82265625 283.23203125
90 90.97421875 374.20625
100 123.40390625 497.61015625
110 134.5453125 632.15546875
120 203.084375 835.23984375
130 265.0765625 1100.31640625
140 255.40390625 1355.7203125
150 342.09140625 1697.81171875
160 494.315625 2192.12734375
170 477.103125 2669.23046875
180 774.77421875 3444.0046875
190 1033.3625 4477.3671875
200 992.77265625 5470.13984375
210 1408.35546875 6878.4953125
220 1908.2296875 8786.725
230 2079.23671875 10865.96171875
240 2827.8265625 13693.78828125
250 3905.753125 17599.54140625
260 3775.6328125 21375.17421875
270 4992.32421875 26367.4984375
280 7195.81796875 33563.31640625
290 7022.59921875 40585.915625
300 4710.90859375 45296.82421875
310 0 45296.82421875
320 0 45296.82421875
330 0 45296.82421875
340 0 45296.82421875
350 0 45296.82421875
354 0 45296.82421875
