0 172.10078125 172.10078125
10 201.19375 373.29453125
20 142.71953125 516.0140625
30 264.4484375 780.4625
40 331.36015625 1111.82265625
50 322.2984375 1434.12109375
60 401.53671875 1835.6578125
70 1038.11484375 2873.77265625
80 704.05703125 3577.8296875
90 1147.053125 4724.8828125
100 1556.9640625 6281.846875
110 1700.24609375 7982.09296875
120 2564.365625 10546.45859375
130 3347.7375 13894.19609375
140 3224.67734375 17118.8734375
150 4326.965625 21445.8390625
160 6249.859375 27695.6984375
170 6012.10546875 33707.80390625
180 9761.24140625 43469.0453125
190 12954.8984375 56423.94375
200 12454.28046875 68878.22421875
210 17713.27578125 86591.5
220 23898.9359375 110490.4359375
230 26040.4890625 136530.925
240 35605.1953125 172136.1203125
250 49127.5359375 221263.65625
260 47560.225 268823.88125
270 57770.93828125 326594.81953125
280 66771.10625 393365.92578125
290 67825.09921875 461191.025
300 51729.7765625 512920.8015625
310 0 512920.8015625
320 0 512920.8015625
330 0 512920.8015625
340 0 512920.8015625
350 0 512920.8015625
354 0 512920.8015625
