0 1.5 1.8489333333333335 2.547481801483357 11.378 1.036 0 0
10 0.8 1.2333749999999999 0.11347680104320879 11.378 1.036 1.8489333333333335 15
20 0.7 1.7812857142857141 1.538245541823143 11.378 1.036 1.6348260869565217 23
30 1.6 1.4177499999999996 0.5988664813629161 11.378 1.036 1.669 30
40 1.3 1.2030000000000003 0.11487987036632923 11.378 1.028 1.5816086956521738 46
50 1.9 1.2405789473684212 0.4199046653442175 11.378 1.028 1.4981864406779661 59
60 3.8 1.3496578947368416 0.9520990736902769 11.378 0.955 1.4354358974358974 78
70 4.9 1.2483061224489795 0.6632761669440452 11.378 0.955 1.4073362068965516 116
80 3.6 1.2660277777777778 0.6487141335027108 11.378 0.955 1.3601090909090907 165
90 5.8 1.3349137931034485 0.5642571339894836 11.378 0.931 1.3432587064676618 201
100 8.3 1.1699759036144572 0.2573250242282375 11.378 0.906 1.3413899613899614 259
110 8 1.3209624999999992 1.103858465154727 11.378 0.906 1.2997894736842104 342
120 13.6 1.3114705882352946 0.86300300712768 11.378 0.906 1.3038033175355448 422
130 14.2 1.3144225352112673 0.6794995603014846 11.378 0.822 1.3056720430107527 558
140 15.2 1.417598684210526 1.1471993830507206 11.378 0.822 1.3074471428571428 700
150 26.1 1.3062873563218378 0.7767230936245163 11.378 0.822 1.3270985915492957 852
160 32.9 1.2011094224923995 0.4538137482689386 11.378 0.822 1.32221832884097 1113
170 28.9 1.3908339100346023 1.4134924893315923 15.534 0.822 1.2945866851595 1442
180 56.4 1.22675354609929 0.7268715910171828 15.534 0.779 1.310655690352397 1731
190 64 1.1482828124999975 0.3846296754081643 15.534 0.779 1.290036601307189 2295
200 66.8 1.152130239520958 0.4720180361499345 15.534 0.779 1.2591260647359446 2935
210 108.8 1.0657794117647081 0.40287866169196995 15.534 0.732 1.2392889258950865 3603
220 128.5 1.1286217898832673 1.1232946927163574 28.147 0.711 1.199046258793434 4691
230 127.4 1.1032817896389315 0.5638047998250327 28.147 0.711 1.183903112449799 5976
