0 0.1 28.444726005701614 0 28.444726005701614 28.444726005701614 0 0
10 0.1 0.5007511266900351 0.0 28.444726005701614 0.5007511266900351 28.444726005701614 1
20 0.1 0.25037556334501754 0.0 28.444726005701614 0.25037556334501754 14.472738566195824 2
30 0.1 0.15 0.0 28.444726005701614 0.15 9.731950898578889 3
40 0.1 0.3 0.0 28.444726005701614 0.15 7.336463173934167 4
50 0.1 0.4491017964071856 0.0 28.444726005701614 0.15 5.929170539147334 5
60 0.1 0.4491017964071856 0.0 28.444726005701614 0.15 5.015825748690642 6
70 0.1 0.3009027081243731 0.0 28.444726005701614 0.15 4.3634366126501485 7
80 0.1 0.6006006006006006 0.0 28.444726005701614 0.15 3.8556198745844266 8
90 0.1 0.6 0.0 28.444726005701614 0.15 3.4939510663640014 9
100 0.1 2.15 0.0 28.444726005701614 0.15 3.204555959727601 10
110 0.1 0.8028098344204716 0.0 28.444726005701614 0.15 3.1086872361160007 11
120 0.1 1.05 0.0 28.444726005701614 0.15 2.916530785974707 12
130 0.1 1.5060240963855422 0.0 28.444726005701614 0.15 2.772951494745883 13
140 0.1 1.7991004497751124 0.0 28.444726005701614 0.15 2.6824566805772876 14
150 0.1 1.663306451612903 0.0 28.444726005701614 0.15 2.6235662651904756 15
160 0.1 4.175050301810866 0.0 28.444726005701614 0.15 2.5635500268418774 16
170 0.1 4.492680464411913 0.0 28.444726005701614 0.15 2.6583441606635825 17
180 0.1 3.881048387096774 0.0 28.444726005701614 0.15 2.7602517330940453 18
190 0.1 6.857727737973388 0.0 28.444726005701614 0.15 2.8192410306731364 19
200 0.1 7.859358841778697 0.0 28.444726005701614 0.15 3.0211653660381486 20
210 0.1 8.204334365325078 0.0 28.444726005701614 0.15 3.2515555315496036 21
220 0.1 11.199154780771263 0.0 28.444726005701614 0.15 3.4766818421757617 22
230 0.1 13.404255319148936 0.0 28.444726005701614 0.15 3.812441535158175 23
