0 0.1 692.04296875 0 692.04296875 692.04296875 0 0
10 0.1 691.3671875 0.0 692.04296875 691.3671875 692.04296875 1
20 0.1 690.98828125 0.0 692.04296875 690.98828125 691.705078125 2
30 0.1 689.83984375 0.0 692.04296875 689.83984375 691.4661458333334 3
40 0.1 687.21875 0.0 692.04296875 687.21875 691.0595703125 4
50 0.1 687.32421875 0.0 692.04296875 687.21875 690.29140625 5
60 0.1 687.4609375 0.0 692.04296875 687.21875 689.796875 6
70 0.1 687.4609375 0.0 692.04296875 687.21875 689.4631696428571 7
80 0.1 687.1953125 0.0 692.04296875 687.1953125 689.212890625 8
90 0.1 687.015625 0.0 692.04296875 687.015625 688.9887152777778 9
100 0.1 686.796875 0.0 692.04296875 686.796875 688.79140625 10
110 0.1 686.6171875 0.0 692.04296875 686.6171875 688.6100852272727 11
120 0.1 686.66796875 0.0 692.04296875 686.6171875 688.4440104166666 12
130 0.1 681.1953125 0.0 692.04296875 681.1953125 688.3073918269231 13
140 0.1 682.05859375 0.0 692.04296875 681.1953125 687.7993861607143 14
150 0.1 681.6953125 0.0 692.04296875 681.1953125 687.4166666666666 15
160 0.1 668.05859375 0.0 692.04296875 668.05859375 687.05908203125 16
170 0.1 664.33203125 0.0 692.04296875 664.33203125 685.94140625 17
180 0.1 666.0703125 0.0 692.04296875 664.33203125 684.7408854166666 18
190 0.1 608.05078125 0.0 692.04296875 608.05078125 683.7582236842105 19
200 0.1 603.54296875 0.0 692.04296875 603.54296875 679.9728515625 20
210 0.1 594.8359375 0.0 692.04296875 594.8359375 676.3333333333334 21
220 0.1 592.83984375 0.0 692.04296875 592.83984375 672.62890625 22
230 0.1 592.80859375 0.0 692.04296875 592.80859375 669.159816576087 23
