0 0.1 0.4609375 0 0.4609375 0.4609375 0 0
10 0.1 0.390625 0.0 0.4609375 0.390625 0.4609375 1
20 0.1 0.328125 0.0 0.4609375 0.328125 0.42578125 2
30 0.1 0.28125 0.0 0.4609375 0.28125 0.3932291666666667 3
40 0.1 0.23046875 0.0 0.4609375 0.23046875 0.365234375 4
50 0.1 0.19921875 0.0 0.4609375 0.19921875 0.33828125 5
60 0.1 0.171875 0.0 0.4609375 0.171875 0.3151041666666667 6
70 0.1 0.140625 0.0 0.4609375 0.140625 0.29464285714285715 7
80 0.1 0.12109375 0.0 0.4609375 0.12109375 0.275390625 8
90 0.1 0.1015625 0.0 0.4609375 0.1015625 0.2582465277777778 9
100 0.1 0.078125 0.0 0.4609375 0.078125 0.242578125 10
110 0.1 0.0703125 0.0 0.4609375 0.0703125 0.2276278409090909 11
120 0.1 0.05859375 0.0 0.4609375 0.05859375 0.21451822916666666 12
130 0.1 0.05078125 0.0 0.4609375 0.05078125 0.20252403846153846 13
140 0.1 0.0390625 0.0 0.4609375 0.0390625 0.19168526785714285 14
150 0.1 0.109375 0.0 0.4609375 0.0390625 0.18151041666666667 15
160 0.1 0.08984375 0.0 0.4609375 0.0390625 0.177001953125 16
170 0.1 0.078125 0.0 0.4609375 0.0390625 0.171875 17
180 0.1 0.0703125 0.0 0.4609375 0.0390625 0.16666666666666666 18
190 0.1 0.05859375 0.0 0.4609375 0.0390625 0.16159539473684212 19
200 0.1 0.05078125 0.0 0.4609375 0.0390625 0.15644531250000002 20
210 0.1 0.0390625 0.0 0.4609375 0.0390625 0.1514136904761905 21
220 0.1 0.03125 0.0 0.4609375 0.03125 0.1463068181818182 22
230 0.1 0.03125 0.0 0.4609375 0.03125 0.14130434782608697 23
