0 2.7 27.107407407407408 12.540881049618717 71.063 18.496 0 0
10 1.4 23.198928571428574 2.887301000298815 71.063 18.403 27.107407407407408 27
20 1.9 21.865631578947376 2.9904008393617407 71.063 18.403 25.772804878048778 41
30 2.2 25.166954545454544 3.9732992413824366 71.063 18.403 24.535533333333333 60
40 3.5 25.06714285714285 7.705018372622415 71.063 17.109 24.704939024390246 82
50 3.6 23.462027777777774 3.7654680577151147 71.063 17.109 24.813290598290596 117
60 7.1 23.802014084507043 4.76705349539636 71.063 16.538 24.495346405228755 153
70 9.3 24.705956989247316 7.417342595629905 74.963 16.538 24.27558482142857 224
80 8.2 24.44153658536586 6.691611004386564 74.963 16.538 24.40184542586751 317
90 10.4 26.588586538461545 6.465088745911467 74.963 16.538 24.410002506265666 399
100 16.7 26.53540718562874 10.3262215969313 105.333 16.276 24.86044532803181 503
110 16.3 26.022374233128833 7.248212115564743 105.333 16.276 25.27793582089552 670
120 24.8 29.58794758064517 9.59955747432648 105.333 16.276 25.423606242497 833
130 29.1 27.057639175257744 8.113158909773372 105.333 15.83 26.378977798334876 1081
140 30.2 28.481152317880802 10.211582657007936 105.333 15.83 26.522921282798837 1372
150 49.1 41.74861914460287 21.18594848731317 130.966 15.83 26.876198327359624 1674
160 63.7 51.82554474097331 27.38011072613033 160.611 15.83 30.249112240184765 2165
170 59.2 45.710618243243275 23.86775441646465 160.611 15.666 35.15424696645254 2802
180 78.2 871.3193286445015 800.9831205252367 2710.736 1.326 36.99554684737773 3394
190 126.8 1503.5995520504719 894.0087868476046 2901.944 1.222 193.23146575670503 4176
200 131.6 1451.4756329787226 907.702460165928 2901.944 1.222 498.4384336884641 5444
210 208.2 936.1944985590785 923.7460667543771 2933.379 1.22 683.9705275147926 6760
220 254.1 764.1095446674532 836.8836737995523 3045.386 1.22 743.3609717258538 8842
230 257.9 748.138590538967 817.5711396032007 3072.993 1.207 747.9926262848105 11383
