0 6.9 10.553521739130431 6.656717815531492 58.329 5.781 0 0
10 3.6 8.969027777777779 1.6194275134906835 58.329 5.781 10.553521739130431 69
20 4.5 9.181977777777776 1.4072258997188432 58.329 5.781 10.010266666666665 105
30 6 9.176066666666665 1.9207252698452797 58.329 5.781 9.761779999999998 150
40 8.3 10.523518072289152 5.105597448870638 58.329 5.596 9.594433333333331 210
50 9.1 9.232890109890102 2.031328793977688 58.329 5.596 9.857621160409552 293
60 18 9.340777777777774 2.11985032111954 58.329 5.437 9.709572916666662 384
70 23.5 9.7255744680851 3.984695914315279 58.329 5.437 9.591872340425526 564
80 20 9.971379999999996 3.714385746741983 58.329 5.437 9.631196495619518 799
90 26.6 10.345007518797 3.0446087443148597 58.329 5.192 9.699301301301295 999
100 41.7 10.579436450839312 4.888337119626898 58.329 5.019 9.835078260869562 1265
110 40.7 10.414235872235873 3.2498824448050807 58.329 5.019 10.019618906064203 1682
120 63.1 11.548825673534058 5.113520319540963 58.329 5.019 10.096502154140733 2089
130 72.5 10.8310427586207 4.146735227268344 58.329 4.965 10.433419852941169 2720
140 75.5 11.32059602649007 5.109057811531752 58.329 4.965 10.517099564586355 3445
150 124.4 16.45514710610937 10.31517538275102 97.312 4.965 10.661537619047618 4200
160 160.2 20.546109238451884 13.188340388849623 98.38 4.965 11.9854263409258 5444
170 147.3 18.308592668024442 11.54019555803625 98.38 4.816 13.931809253477146 7046
180 215.7 371.24557487250866 337.13589616548165 1001.364 0.582 14.688588449348513 8519
190 316.8 598.6802926136353 402.8639248545951 1096.417 0.578 86.72806200824289 10676
200 330 579.2218200000005 419.26358201903054 1096.417 0.569 203.8809561542905 13844
210 526.4 362.9105400835872 440.82233111049476 1098.265 0.564 276.1292558912739 17144
220 635.2 303.9915754093192 433.03312250486425 1108.376 0.564 296.51557684755454 22408
230 643.9 301.0147004193194 429.237968618645 1117.215 0.562 298.16674315020856 28760
