0 1.3 1947.8321538461535 521.9423561506866 2754.504 1165.146 0 0
10 0.5 2321.0358 562.3041101277493 2984.921 1165.146 1947.8321538461535 13
20 1.2 2229.763166666666 580.9557389775681 3026.251 1165.146 2051.4998333333333 18
30 1 2018.5322000000003 584.225835402167 3026.251 1104.785 2122.8051666666665 30
40 1.8 2275.7543888888886 559.773141413966 3026.251 1104.785 2096.736925 40
50 1.7 2021.3203529411762 497.93469690204785 3026.251 1104.785 2152.2940689655175 58
60 3.3 1843.1713333333332 493.4878810637274 3026.251 1055.323 2122.6066933333336 75
70 4.7 1977.2137021276599 536.7112932352078 3026.251 1055.323 2037.2236666666668 108
80 4.3 2134.2962325581393 596.264125312742 3026.251 1055.323 2019.0270967741935 155
90 4.8 2067.256354166666 629.1429402438253 3026.251 1055.323 2044.0602929292927 198
100 8.4 1993.3847500000006 571.8269025677988 3044.34 1055.323 2048.586353658536 246
110 8.3 2016.475987951808 561.9582327556626 3044.34 1055.323 2034.5350363636362 330
120 11.7 2027.1314786324785 576.8544964405396 3073.476 1055.323 2030.9057360774818 413
130 14.4 1990.6147083333335 597.0830638822478 3073.476 1055.323 2030.0725509433962 530
140 14.9 2079.620261744968 588.6676418214292 3073.476 1055.323 2021.642388724036 674
150 23.5 2113.9915276595725 559.8104797572674 3114.268 1055.323 2032.1389902794658 823
160 30.9 2087.743000000002 584.9063915465393 3190.935 1055.323 2050.3198468809073 1058
170 29.9 2128.790167224082 577.5731450212731 3190.935 1055.323 2058.779067300659 1367
180 33.4 3078.5386167664687 1091.0321644352875 5401.423 1055.323 2071.344084633854 1666
190 63.3 4988.132742496047 1268.7963820691143 7380.104 1055.323 2239.5455715000007 2000
200 64.5 5024.020725581396 1358.5312054135925 7689.81 1055.323 2900.3339039118873 2633
210 98.3 3966.9377690742544 1503.995134213128 7689.81 1014.879 3318.203946613789 3278
220 127 3579.16610629921 1335.6242851386776 7689.81 1014.879 3467.8649058906344 4261
230 128.8 3463.448411490679 1298.6421969463659 7689.81 1011.892 3493.421319652864 5531
