0 22.23671875 22.23671875
10 11.56484375 33.8015625
20 15.33671875 49.13828125
30 18.384375 67.52265625
40 28.34296875 95.865625
50 29.4515625 125.3171875
60 58.309375 183.6265625
70 76.25546875 259.88203125
80 66.6765625 326.55859375
90 85.5375 412.09609375
100 136.70390625 548.8
110 133.98125 682.78125
120 202.8484375 885.6296875
130 238.4828125 1124.1125
140 246.4984375 1370.6109375
150 403.965625 1774.5765625
160 522.546875 2297.1234375
170 481.7515625 2778.875
180 723.55546875 3502.43046875
190 921.1296875 4423.56015625
200 928.0734375 5351.63359375
210 1209.71328125 6561.346875
220 1368.5125 7929.859375
230 1405.2421875 9335.1015625
