0 230.109375 230.109375
10 119.86796875 349.97734375
20 158.77421875 508.7515625
30 191.55859375 700.31015625
40 291.515625 991.82578125
50 306.63046875 1298.45625
60 603.640625 1902.096875
70 790.75 2692.846875
80 690.23828125 3383.08515625
90 886.4359375 4269.52109375
100 1415.84140625 5685.3625
110 1385.84453125 7071.20703125
120 2108.3421875 9179.54921875
130 2469.44765625 11648.996875
140 2553.0734375 14202.0703125
150 4183.38203125 18385.45234375
160 5399.7421875 23785.19453125
170 5006.47890625 28791.6734375
180 6922.7 35714.3734375
190 7901.04375 43615.4171875
200 7875.88515625 51491.30234375
210 8156.20625 59647.50859375
220 8454.24921875 68101.7578125
230 8603.990625 76705.7484375
