0 0.6 4.014666666666667 4.642573196933882 14.057 1.308 0 0
10 0.8 1.376875 0.058033260937155745 14.057 1.271 4.014666666666667 6
20 0.8 1.4265 0.13813218307114392 14.057 1.271 2.507357142857143 14
30 1.7 1.4396470588235297 0.16753891248671704 14.057 1.265 2.1143181818181818 22
40 1.9 1.3921052631578947 0.10299560273538612 14.057 1.25 1.8202307692307693 39
50 1.9 1.4289473684210527 0.2295188270420512 14.057 1.161 1.6799827586206897 58
60 3.7 1.850675675675675 2.443914959086376 16.117 1.135 1.6180389610389612 77
70 4 1.5079500000000001 0.5618235020894017 16.117 1.126 1.6935438596491228 114
80 3.9 1.3723076923076922 0.12070182669069035 16.117 1.119 1.6453376623376623 154
90 5.9 1.4740677966101696 0.6065410367831057 16.117 1.087 1.5901658031088082 193
100 7.8 1.462153846153846 0.443819583260143 16.117 1.087 1.5629841269841271 252
110 7 1.3164142857142858 0.1081986919457694 16.117 1.087 1.5391515151515152 330
120 14.2 1.4254436619718307 0.6744180644817175 16.117 1.074 1.5001725 400
130 15.6 1.4113589743589752 0.5249506930291343 16.117 1.074 1.4805940959409594 542
140 16 1.4201062500000001 0.569198148680174 16.117 1.074 1.4651203438395417 698
150 27.9 1.472698924731182 1.118944508266379 16.598 0.97 1.4567261072261073 858
160 30.5 1.4161573770491813 0.5319060882410299 16.598 0.97 1.460645558487247 1137
170 31.2 1.4866858974358965 1.492711606373153 17.488 0.97 1.451235783633842 1442
180 67 1.3517343283582102 1.0136739552871687 22.38 0.97 1.4575416191562143 1754
190 137.1 1.275247994164843 0.5165324629933996 22.38 0.915 1.4282962046204624 2424
200 106.7 1.3153561387066552 0.572312197021601 22.38 0.915 1.3730052700922266 3795
210 236.3 1.3377977147693598 0.6840798532195618 22.38 0.863 1.3603537638831757 4862
220 343.6 1.2598693247962747 0.49829227410498994 22.38 0.863 1.3529766089965394 7225
230 324.2 1.3093106107341175 0.9803138744700114 22.38 0.847 1.3229684832567299 10661
240 115.2 1.3015963541666702 0.531186668859647 22.38 0.847 1.3197836438178814 13903
250 0 0 0 22.38 0.847 1.3183919628030563 15055
260 0 0 0 22.38 0.847 1.3183919628030563 15055
270 0 0 0 22.38 0.847 1.3183919628030563 15055
280 0 0 0 22.38 0.847 1.3183919628030563 15055
290 0 0 0 22.38 0.847 1.3183919628030563 15055
292 0 0 0 22.38 0.847 1.3183919628030563 15055
