0 0.1 3.3162187270633767 0 3.3162187270633767 3.3162187270633767 0 0
10 0.1 0.5997001499250375 0.0 3.3162187270633767 0.5997001499250375 3.3162187270633767 1
20 0.1 0.29985007496251875 0.0 3.3162187270633767 0.29985007496251875 1.9579594384942072 2
30 0.1 0.29985007496251875 0.0 3.3162187270633767 0.29985007496251875 1.4052563173169776 3
40 0.1 0.5494505494505495 0.0 3.3162187270633767 0.29985007496251875 1.128904756728363 4
50 0.1 0.5002501250625313 0.0 3.3162187270633767 0.29985007496251875 1.0130139152728002 5
60 0.1 0.798801797304044 0.0 3.3162187270633767 0.29985007496251875 0.9275532835710888 6
70 0.1 0.7496251874062968 0.0 3.3162187270633767 0.29985007496251875 0.9091602141043681 7
80 0.1 1.299350324837581 0.0 3.3162187270633767 0.29985007496251875 0.8892183357671092 8
90 0.1 1.0479041916167664 0.0 3.3162187270633767 0.29985007496251875 0.9347885567749393 9
100 0.1 1.199400299850075 0.0 3.3162187270633767 0.29985007496251875 0.9461001202591219 10
110 0.1 1.3 0.0 3.3162187270633767 0.29985007496251875 0.9691274093128449 11
120 0.1 1.8472291562656018 0.0 3.3162187270633767 0.29985007496251875 0.9967001252034412 12
130 0.1 2.3092369477911645 0.0 3.3162187270633767 0.29985007496251875 1.062125435285146 13
140 0.1 3.8095238095238098 0.0 3.8095238095238098 0.29985007496251875 1.1512048290355759 14
150 0.1 3.8922155688622757 0.0 3.8922155688622757 0.29985007496251875 1.328426094401458 15
160 0.1 5.087281795511222 0.0 5.087281795511222 0.29985007496251875 1.4886629365552593 16
170 0.1 6.783042394014963 0.0 6.783042394014963 0.29985007496251875 1.7003463988467866 17
180 0.1 6.5664160401002505 0.0 6.783042394014963 0.29985007496251875 1.9827183985783519 18
190 0.1 8.791773778920309 0.0 8.791773778920309 0.29985007496251875 2.2239656428689782 19
200 0.1 12.407991587802314 0.0 12.407991587802314 0.29985007496251875 2.5523560496715447 20
210 0.1 12.718846549948507 0.0 12.718846549948507 0.29985007496251875 3.0216720276777718 21
220 0.1 18.416801292407108 0.0 18.416801292407108 0.29985007496251875 3.462452687780987 22
230 0.1 22.539857064321055 0.0 22.539857064321055 0.29985007496251875 4.1126417575473395 23
240 0.1 21.27894156560088 0.0 22.539857064321055 0.29985007496251875 4.8804423953295775 24
250 0.1 14.620187304890738 0.0 22.539857064321055 0.29985007496251875 5.53638236214043 25
260 0.1 0.10005002501250625 0.0 22.539857064321055 0.10005002501250625 5.885759475323135 26
270 0.1 0.050050050050050046 0.0 22.539857064321055 0.050050050050050046 5.671473940126445 27
280 0.1 0.05002501250625312 0.0 22.539857064321055 0.05002501250625312 5.470708801195145 28
290 0.1 0.05002501250625312 0.0 22.539857064321055 0.05002501250625312 5.2837886705507 29
292 0.1 0.14992503748125938 0.0 22.539857064321055 0.05002501250625312 5.109329881949218 30
