0 0.1 655.2734375 0 655.2734375 655.2734375 0 0
10 0.1 654.6875 0.0 655.2734375 654.6875 655.2734375 1
20 0.1 654.578125 0.0 655.2734375 654.578125 654.98046875 2
30 0.1 654.44140625 0.0 655.2734375 654.44140625 654.8463541666666 3
40 0.1 652.92578125 0.0 655.2734375 652.92578125 654.7451171875 4
50 0.1 650.87890625 0.0 655.2734375 650.87890625 654.38125 5
60 0.1 651.1875 0.0 655.2734375 650.87890625 653.7975260416666 6
70 0.1 648.953125 0.0 655.2734375 648.953125 653.4246651785714 7
80 0.1 646.359375 0.0 655.2734375 646.359375 652.86572265625 8
90 0.1 650.046875 0.0 655.2734375 646.359375 652.1427951388889 9
100 0.1 639.79296875 0.0 655.2734375 639.79296875 651.933203125 10
110 0.1 647.9609375 0.0 655.2734375 639.79296875 650.8295454545455 11
120 0.1 653.65234375 0.0 655.2734375 639.79296875 650.5904947916666 12
130 0.1 634.84375 0.0 655.2734375 634.84375 650.8260216346154 13
140 0.1 638.44921875 0.0 655.2734375 634.84375 649.6844308035714 14
150 0.1 638.72265625 0.0 655.2734375 634.84375 648.9354166666667 15
160 0.1 596.3359375 0.0 655.2734375 596.3359375 648.297119140625 16
170 0.1 551.3203125 0.0 655.2734375 551.3203125 645.2405790441177 17
180 0.1 522.5703125 0.0 655.2734375 522.5703125 640.0227864583334 18
190 0.1 492.6328125 0.0 655.2734375 492.6328125 633.8410773026316 19
200 0.1 490.55859375 0.0 655.2734375 490.55859375 626.7806640625 20
210 0.1 493.0546875 0.0 655.2734375 490.55859375 620.2938988095239 21
220 0.1 488.58984375 0.0 655.2734375 488.58984375 614.5102982954545 22
230 0.1 478.26953125 0.0 655.2734375 478.26953125 609.035495923913 23
240 0.1 474.32421875 0.0 655.2734375 474.32421875 603.5869140625 24
250 0.1 648.76953125 0.0 655.2734375 474.32421875 598.41640625 25
260 0.1 649.78515625 0.0 655.2734375 474.32421875 600.3530649038462 26
270 0.1 653.42578125 0.0 655.2734375 474.32421875 602.1838831018518 27
280 0.1 653.91796875 0.0 655.2734375 474.32421875 604.0139508928571 28
290 0.1 654.2734375 0.0 655.2734375 474.32421875 605.7347790948276 29
292 0.1 654.27734375 0.0 655.2734375 474.32421875 607.352734375 30
