0 0.1 0.0703125 0 0.0703125 0.0703125 0 0
10 0.1 0.05859375 0.0 0.0703125 0.05859375 0.0703125 1
20 0.1 0.05078125 0.0 0.0703125 0.05078125 0.064453125 2
30 0.1 0.0390625 0.0 0.0703125 0.0390625 0.059895833333333336 3
40 0.1 0.03125 0.0 0.0703125 0.03125 0.0546875 4
50 0.1 0.03125 0.0 0.0703125 0.03125 0.05 5
60 0.1 0.01953125 0.0 0.0703125 0.01953125 0.046875 6
70 0.1 0.01953125 0.0 0.0703125 0.01953125 0.04296875 7
80 0.1 0.01953125 0.0 0.0703125 0.01953125 0.0400390625 8
90 0.1 0.01171875 0.0 0.0703125 0.01171875 0.037760416666666664 9
100 0.1 0.01171875 0.0 0.0703125 0.01171875 0.03515625 10
110 0.1 0.01171875 0.0 0.0703125 0.01171875 0.033025568181818184 11
120 0.1 0.01171875 0.0 0.0703125 0.01171875 0.03125 12
130 0.1 0.0 0.0 0.0703125 0.0 0.029747596153846152 13
140 0.1 0.0 0.0 0.0703125 0.0 0.027622767857142856 14
150 0.1 0.078125 0.0 0.078125 0.0 0.02578125 15
160 0.1 0.0703125 0.0 0.078125 0.0 0.029052734375 16
170 0.1 0.05859375 0.0 0.078125 0.0 0.031479779411764705 17
180 0.1 0.05078125 0.0 0.078125 0.0 0.03298611111111111 18
190 0.1 0.0390625 0.0 0.078125 0.0 0.03392269736842105 19
200 0.1 0.1796875 0.0 0.1796875 0.0 0.0341796875 20
210 0.1 0.1484375 0.0 0.1796875 0.0 0.04110863095238095 21
220 0.1 0.12890625 0.0 0.1796875 0.0 0.04598721590909091 22
230 0.1 0.19140625 0.0 0.19140625 0.0 0.049592391304347824 23
240 0.1 0.16015625 0.0 0.19140625 0.0 0.055501302083333336 24
250 0.1 0.21875 0.0 0.21875 0.0 0.0596875 25
260 0.1 0.1796875 0.0 0.21875 0.0 0.06580528846153846 26
270 0.1 0.1484375 0.0 0.21875 0.0 0.07002314814814815 27
280 0.1 0.12890625 0.0 0.21875 0.0 0.07282366071428571 28
290 0.1 0.109375 0.0 0.21875 0.0 0.07475754310344827 29
292 0.1 0.08984375 0.0 0.21875 0.0 0.07591145833333333 30
