0 1.9 87.69831578947367 93.82070292685805 225.09 7.137 0 0
10 3.4 71.20341176470589 85.7462521599487 225.09 6.216 87.69831578947367 19
20 2.3 90.28486956521739 98.67036720238022 225.413 6.216 77.11667924528301 53
30 5.4 86.95601851851852 109.25124709594017 520.661 6.216 81.10178947368419 76
40 7.6 76.11247368421051 89.51574188765167 520.661 6.216 83.53354615384615 130
50 8.7 70.86356321839082 84.99014531524094 520.661 6.183 80.79567475728155 206
60 10.9 85.71142201834861 96.69306250877821 520.661 6.183 77.8465494880546 293
70 17.2 72.21622674418606 86.85050667717668 520.661 6.183 79.97906467661691 402
80 15.1 72.10107947019863 86.91422458766921 520.661 6.144 77.6529181184669 574
90 21.7 87.0346175115207 99.86732012249142 520.661 6.144 76.49660413793103 725
100 30.3 78.49151485148508 90.45516791709497 520.661 5.845 78.92415074309977 942
110 28.4 80.65559154929575 92.86968088763517 520.661 5.704 78.81885863453812 1245
120 47.2 96.44615042372877 104.162030552676 520.661 5.704 79.16001765860035 1529
130 64.4 88.91555279503102 105.13494809723696 715.75 5.704 83.23750624687652 2001
140 63.9 95.11563380281682 107.95891809995085 715.75 5.611 84.61998714555762 2645
150 79.3 399.9260365699879 520.2279504068161 3825.474 5.611 86.6622277710109 3284
160 98.4 1616.2301260162585 1192.3944597176098 5922.688 5.611 147.59384424822179 4077
170 99.7 2493.651903711138 1518.194816910308 6989.426 5.611 433.13782789962426 5061
180 173.1 2056.6343818601977 2226.246652841349 10025.661 0.715 772.2485135358208 6058
190 260 1578.224833461538 2064.4811024579653 10666.588 0.69 1057.685917319297 7789
200 250.8 1504.2764146730433 1734.1820237340035 10666.588 0.69 1187.9584345942826 10389
210 391.7 983.8915432729088 1522.0570520237734 10666.588 0.69 1249.4708401178566 12897
220 512.7 767.7117121123483 1296.612356698355 10666.588 0.69 1187.6013203282967 16814
230 509.7 749.8048681577376 1247.104260967058 10666.588 0.69 1089.4848251219173 21941
240 303.5 1011.1696408566708 1227.3987693127253 10666.588 0.69 1025.4509194836887 27038
250 6.7 29.994895522388056 6.101151636174265 10666.588 0.69 1024.009637249359 30073
260 0 0 0 10666.588 0.69 1021.7999827140004 30140
270 0 0 0 10666.588 0.69 1021.7999827140004 30140
280 0 0 0 10666.588 0.69 1021.7999827140004 30140
290 0 0 0 10666.588 0.69 1021.7999827140004 30140
292 0 0 0 10666.588 0.69 1021.7999827140004 30140
