0 3.6 46.22663888888893 79.99855934819243 225.09 4.69 0 0
10 7.8 30.97166666666669 65.55886823162803 225.09 4.69 46.22663888888893 36
20 4.1 50.60209756097562 85.78100838303308 225.413 4.69 35.7890263157895 114
30 10.9 43.02025688073393 86.42492707306954 498.248 4.69 39.70732258064518 155
40 17 34.07742941176471 69.77721862814761 498.248 4.494 41.07516287878788 264
50 20.4 30.06379411764703 64.45527602651072 498.248 4.359 38.33411520737327 434
60 20.1 46.429855721393025 82.30529036824473 498.248 4.131 35.68968652037617 638
70 39.7 31.22573803526444 66.32113993622391 498.248 4.131 38.26271871275327 839
80 34.6 31.40388728323703 66.24751469109923 498.248 4.069 36.00245873786406 1236
90 44.8 42.14870535714282 80.71546087028479 498.248 4.069 34.99670290771175 1582
100 67 35.404997014925335 70.88325113742971 498.248 4.069 36.57507586206896 2030
110 65 35.18322153846158 71.27694642179571 498.248 4.069 36.284722962962945 2700
120 93.7 48.5464076840982 85.9380457133333 498.248 4.069 36.07099880597014 3350
130 147.9 38.678968221771584 78.09542040206445 498.248 4.069 38.79772101702822 4287
140 143.1 42.39217470300487 82.07651471565325 591.218 4.022 38.76726049254252 5766
150 154.9 234.75745642349918 336.41954032118144 2134.916 4.022 39.48801250521053 7197
160 213.7 817.321291998128 480.5349390898884 2397.851 4.022 74.07209307111826 8746
170 212.5 1275.549050352942 488.3172065551192 3427.544 4.022 220.01747009096755 10883
180 336.9 1065.4277533392737 1028.7952342009064 3607.013 0.712 392.4501736623617 13008
190 591.6 676.126456896551 918.6066500716074 4020.779 0.35 530.8919802161577 16377
200 556.5 669.7899771787953 831.9050571489993 4020.779 0.35 569.4335477055582 22293
210 796.1 472.70321366662216 812.9532415065263 4020.779 0.35 589.4810575777158 27858
220 1166.8 335.0433379328097 721.582580314758 4179.94 0.35 563.5264408833297 35819
230 1139.5 335.30312777534 689.998442921131 4179.94 0.35 507.38600570682513 47487
240 867 331.6999482122271 580.5382022586374 4179.94 0.35 474.08407312930956 58882
250 26.3 7.566209125475285 2.956193020896785 4179.94 0.35 455.8097013411892 67552
260 0 0 0 4179.94 0.35 454.07132430878147 67815
270 0 0 0 4179.94 0.35 454.07132430878147 67815
280 0 0 0 4179.94 0.35 454.07132430878147 67815
290 0 0 0 4179.94 0.35 454.07132430878147 67815
292 0 0 0 4179.94 0.35 454.07132430878147 67815
