0 0.3 4486.657666666666 555.7211087642994 4957.565 3706.297 0 0
10 0.8 5572.636125000001 867.4262493351291 6589.925 3706.297 4486.657666666666 3
20 0.4 5456.32075 1148.2113164950026 7410.373 3706.297 5276.460181818183 11
30 1.2 6068.252249999999 1233.573969760368 7805.865 3706.297 5324.423000000001 15
40 1.8 5865.462166666667 700.4001978055317 7805.865 3706.297 5655.013777777778 27
50 2.2 5891.04990909091 1202.7746721049516 7805.865 3562.705 5739.193133333333 45
60 2 5803.86095 803.1141394804025 7805.865 3562.705 5789.056552238806 67
70 4.1 5767.741731707316 950.7949622241798 7805.865 3562.705 5792.459862068966 87
80 4.2 5879.674476190478 1138.0225385663134 8059.191 3533.981 5784.5423359375 128
90 4.2 5595.999309523809 1117.1218278000642 8059.191 3533.981 5808.045570588236 170
100 7.2 5739.23475 1123.4558080793208 8059.191 3533.981 5766.036405660378 212
110 7.4 5945.530499999999 1005.4739544791296 8059.191 3422.164 5759.24161971831 284
120 8.7 5656.156298850578 1038.317420520634 8059.191 3422.164 5797.7482597765365 358
130 16.9 5832.236266272191 1124.2464827735585 8107.92 3422.164 5770.066235955057 445
140 16 5762.826324999997 993.7144771762762 8107.92 3422.164 5787.1781824104255 614
150 11.5 6496.8049130434765 1469.383307543546 10195.667 3422.164 5782.144206718347 774
160 17.3 10770.35390751446 1683.612711036469 14757.63 3422.164 5874.591879640045 889
170 20.5 14087.11492195121 1789.3701536307155 21098.462 3422.164 6672.11243596987 1062
180 30.2 15454.207692052982 3643.503726217138 22191.794 3422.164 7871.856326756117 1267
190 63.8 12470.881485893426 4960.852496042794 24409.138 3268.469 9331.301905035054 1569
200 62.1 11914.69858937198 4130.647205681591 25230.724 3268.469 10238.892196193932 2207
210 76.3 10560.81265661861 3748.7962140480167 25230.724 3239.314 10606.882213932111 2828
220 130.1 8612.253581860103 3032.715648767068 25230.724 3239.314 10597.093555555557 3591
230 126.9 8540.775754925118 2925.4003355779882 25230.724 3239.314 10069.236481602617 4892
240 134 8786.909038805965 2447.2480919123095 25230.724 3198.175 9754.414754260668 6161
250 3.4 9571.934029411765 881.1472563412624 25230.724 3198.175 9581.576778162907 7501
260 0 0 0 25230.724 3198.175 9581.533267418708 7535
270 0 0 0 25230.724 3198.175 9581.533267418708 7535
280 0 0 0 25230.724 3198.175 9581.533267418708 7535
290 0 0 0 25230.724 3198.175 9581.533267418708 7535
292 0 0 0 25230.724 3198.175 9581.533267418708 7535
