0 47.36015625 47.36015625
10 111.52265625 158.8828125
20 43.646875 202.5296875
30 137.26875 339.7984375
40 223.928125 563.7265625
50 283.60078125 847.32734375
60 243.96015625 1091.2875
70 548.64765625 1639.93515625
80 441.7 2081.63515625
90 635.5296875 2717.16484375
100 859.5359375 3576.70078125
110 855.5453125 4432.24609375
120 1234.78828125 5667.034375
130 1969.3296875 7636.3640625
140 1881.14609375 9517.51015625
150 2138.7015625 11656.21171875
160 3092.828125 14749.03984375
170 2881.31953125 17630.359375
180 2889.6703125 20520.0296875
190 4287.75703125 24807.78671875
200 4502.8984375 29310.68515625
210 4742.86953125 34053.5546875
220 5790.26328125 39843.81796875
230 5689.7796875 45533.59765625
240 7334.67890625 52868.2765625
250 189.80390625 53058.08046875
260 0 53058.08046875
270 0 53058.08046875
280 0 53058.08046875
290 0 53058.08046875
292 0 53058.08046875
