0 16.4375 16.4375
10 37.728125 54.165625
20 18.25234375 72.41796875
30 51.29140625 123.709375
40 81.57578125 205.28515625
50 98.55390625 303.8390625
60 91.34765625 395.18671875
70 191.7453125 586.93203125
80 168.25390625 755.1859375
90 209.95703125 965.14296875
100 319.60078125 1284.74375
110 313.78984375 1598.53359375
120 435.03359375 2033.5671875
130 715.23359375 2748.80078125
140 685.98671875 3434.7875
150 750.040625 4184.828125
160 1068.203125 5253.03125
170 1036.80625 6289.8375
180 1415.378125 7705.215625
190 2296.57578125 10001.79140625
200 2214.3953125 12216.18671875
210 2760.28984375 14976.4765625
220 3696.99921875 18673.47578125
230 3668.99453125 22342.4703125
240 3374.93984375 25717.41015625
250 137.36328125 25854.7734375
260 0 25854.7734375
270 0 25854.7734375
280 0 25854.7734375
290 0 25854.7734375
292 0 25854.7734375
