0 0.7 2.7425714285714284 4.26382654622893 13.185 0.904 0 0
10 1.2 1.0720833333333335 0.2121443919964785 13.185 0.88 2.7425714285714284 7
20 0.8 0.9307500000000001 0.06540785503286281 13.185 0.842 1.6875263157894738 19
30 1.8 0.9207777777777779 0.06415221097389787 13.185 0.795 1.4632962962962963 27
40 2 1.2116000000000002 0.7843577245109529 13.185 0.795 1.2462888888888888 45
50 1.7 1.4108823529411767 1.4347797487195169 13.185 0.795 1.2356153846153846 65
60 2.7 1.2869629629629629 1.056788583274521 13.185 0.795 1.2719512195121951 82
70 4 0.9592749999999999 0.10617508829758511 13.185 0.795 1.275669724770642 109
80 4 1.1224999999999998 0.7164460900863372 13.185 0.795 1.190731543624161 149
90 6.1 1.1175901639344263 0.9359903561407553 13.185 0.78 1.1762910052910052 189
100 9 1.1907111111111115 0.8975934769574385 13.185 0.726 1.161968 250
110 9.5 1.274463157894736 2.037455476093579 20.563 0.726 1.1695764705882352 340
120 12.7 1.1412204724409456 0.8948324429736564 20.563 0.718 1.1924827586206894 435
130 16.6 1.0583915662650616 0.374251908818343 20.563 0.718 1.1808985765124556 562
140 15.4 1.1587272727272726 1.7737079961171636 22.569 0.657 1.152964285714286 728
150 25 1.0946520000000002 0.7696860625579756 22.569 0.657 1.1539705215419505 882
160 32.1 0.9986978193146426 0.5219255437060105 22.569 0.64 1.1408701413427564 1132
170 30.6 1.0117679738562078 0.6012233620969738 22.569 0.64 1.1094611149346185 1453
180 73.3 0.9683819918144614 0.6066357983767177 22.569 0.567 1.0924661739624788 1759
190 232.7 0.9022617103566827 0.5926645764872177 22.569 0.459 1.055967897271268 2492
200 314.3 0.8456360165446997 0.5410966156239417 22.569 0.459 0.9817462129072423 4819
210 399.4 0.8191644967451196 0.5570933559487791 22.569 0.459 0.9280167043456408 7962
220 566.3 0.8118469009359003 0.38592146716781955 22.569 0.441 0.8916537303445968 11956
230 673.7 1.0688379100489824 1.2566326957692362 22.569 0.436 0.8660026675747774 17619
240 532.9 0.8720913867517346 0.6422848909332672 22.569 0.436 0.9221079816061749 24356
250 128.6 0.8642877138413675 0.49760377407790807 22.569 0.436 0.9131290887653694 29685
260 0 0 0 22.569 0.436 0.9111010622840718 30971
270 0 0 0 22.569 0.436 0.9111010622840718 30971
280 0 0 0 22.569 0.436 0.9111010622840718 30971
290 0 0 0 22.569 0.436 0.9111010622840718 30971
