0 0.1 7.660719989049595 0 7.660719989049595 7.660719989049595 0 0
10 0.1 0.7976071784646062 0.0 7.660719989049595 0.7976071784646062 7.660719989049595 1
20 0.1 0.5486284289276808 0.0 7.660719989049595 0.5486284289276808 4.229163583757101 2
30 0.1 1.1952191235059761 0.0 7.660719989049595 0.5486284289276808 3.0023185321472945 3
40 0.1 0.5988023952095809 0.0 7.660719989049595 0.5486284289276808 2.550543679986965 4
50 0.1 0.8959681433549029 0.0 7.660719989049595 0.5486284289276808 2.1601954230314884 5
60 0.1 2.5373134328358207 0.0 7.660719989049595 0.5486284289276808 1.9494908764187242 6
70 0.1 1.5369360436291521 0.0 7.660719989049595 0.5486284289276808 2.0334655273354523 7
80 0.1 2.974714923153198 0.0 7.660719989049595 0.5486284289276808 1.971399341872165 8
90 0.1 2.430555555555556 0.0 7.660719989049595 0.5486284289276808 2.082878850903391 9
100 0.1 2.852926709296606 0.0 7.660719989049595 0.5486284289276808 2.1176465213686075 10
110 0.1 3.6818851251840945 0.0 7.660719989049595 0.5486284289276808 2.1844901748166077 11
120 0.1 4.449877750611247 0.0 7.660719989049595 0.5486284289276808 2.3092730873472314 12
130 0.1 4.375614552605703 0.0 7.660719989049595 0.5486284289276808 2.473934984521387 13
140 0.1 6.450048496605238 0.0 7.660719989049595 0.5486284289276808 2.609769239384552 14
150 0.1 7.865707434052757 0.0 7.865707434052757 0.5486284289276808 2.8657878565325983 15
160 0.1 10.294117647058822 0.0 10.294117647058822 0.5486284289276808 3.1782828301276083 16
170 0.1 12.171052631578947 0.0 12.171052631578947 0.5486284289276808 3.5968613487706205 17
180 0.1 13.560111835973904 0.0 13.560111835973904 0.5486284289276808 4.073205308926639 18
190 0.1 16.969696969696972 0.0 16.969696969696972 0.5486284289276808 4.572516178771231 19
200 0.1 24.486940298507463 0.0 24.486940298507463 0.5486284289276808 5.192375218317518 20
210 0.1 27.920883164673416 0.0 27.920883164673416 0.5486284289276808 6.111164031659896 21
220 0.1 32.612612612612615 0.0 32.612612612612615 0.5486284289276808 7.102514901342329 22
230 0.1 39.683972911963885 0.0 39.683972911963885 0.5486284289276808 8.211649584441037 23
240 0.1 44.19817470664928 0.0 44.19817470664928 0.5486284289276808 9.52299638975449 24
250 0.1 37.09239130434783 0.0 44.19817470664928 0.5486284289276808 10.910003522430282 25
260 0.1 19.422449930135073 0.0 44.19817470664928 0.5486284289276808 11.917018437119417 26
270 0.1 3.59251968503937 0.0 44.19817470664928 0.5486284289276808 12.194997381305184 27
280 0.1 0.10010010010010009 0.0 44.19817470664928 0.10010010010010009 11.887766035009975 28
290 0.1 1.2475049900199602 0.0 44.19817470664928 0.10010010010010009 11.481294795875153 29
