0 0.1 0.03125 0 0.03125 0.03125 0 0
10 0.1 0.01953125 0.0 0.03125 0.01953125 0.03125 1
20 0.1 0.01953125 0.0 0.03125 0.01953125 0.025390625 2
30 0.1 0.01953125 0.0 0.03125 0.01953125 0.0234375 3
40 0.1 0.01171875 0.0 0.03125 0.01171875 0.0224609375 4
50 0.1 0.01171875 0.0 0.03125 0.01171875 0.0203125 5
60 0.1 0.01171875 0.0 0.03125 0.01171875 0.018880208333333332 6
70 0.1 0.01171875 0.0 0.03125 0.01171875 0.017857142857142856 7
80 0.1 0.0 0.0 0.03125 0.0 0.01708984375 8
90 0.1 0.0 0.0 0.03125 0.0 0.015190972222222222 9
100 0.1 0.0 0.0 0.03125 0.0 0.013671875 10
110 0.1 0.0 0.0 0.03125 0.0 0.012428977272727272 11
120 0.1 0.0 0.0 0.03125 0.0 0.011393229166666666 12
130 0.1 0.0 0.0 0.03125 0.0 0.010516826923076924 13
140 0.1 0.0 0.0 0.03125 0.0 0.009765625 14
150 0.1 0.0 0.0 0.03125 0.0 0.009114583333333334 15
160 0.1 0.0 0.0 0.03125 0.0 0.008544921875 16
170 0.1 0.0 0.0 0.03125 0.0 0.008042279411764705 17
180 0.1 0.0 0.0 0.03125 0.0 0.007595486111111111 18
190 0.1 0.0 0.0 0.03125 0.0 0.007195723684210526 19
200 0.1 0.078125 0.0 0.078125 0.0 0.0068359375 20
210 0.1 0.1484375 0.0 0.1484375 0.0 0.010230654761904762 21
220 0.1 0.26953125 0.0 0.26953125 0.0 0.016512784090909092 22
230 0.1 0.30078125 0.0 0.30078125 0.0 0.02751358695652174 23
240 0.1 0.328125 0.0 0.328125 0.0 0.038899739583333336 24
250 0.1 0.58984375 0.0 0.58984375 0.0 0.05046875 25
260 0.1 0.5703125 0.0 0.58984375 0.0 0.0712139423076923 26
270 0.1 0.48046875 0.0 0.58984375 0.0 0.08969907407407407 27
280 0.1 0.41015625 0.0 0.58984375 0.0 0.10365513392857142 28
290 0.1 0.33984375 0.0 0.58984375 0.0 0.11422413793103449 29
