0 1.3 65.40346153846154 90.47702934371743 234.273 6.052 0 0
10 5.3 61.60828301886791 92.25671673402725 239.78 5.506 65.40346153846154 13
20 7.6 39.734078947368424 72.82215959748197 239.78 5.367 62.35581818181817 66
30 7.6 49.82549999999999 95.87496837898333 461.74 4.72 50.24840845070422 142
40 11.3 49.936044247787606 85.48248663062842 461.74 4.72 50.10097247706422 218
50 13.2 75.24911363636363 135.1320045207002 686.95 4.72 50.044667673716 331
60 13.8 46.5639130434783 79.07350438220311 686.95 4.72 57.230384449244056 463
70 20.5 131.03273170731714 172.80490742300807 762.991 4.72 54.78117803660567 601
80 27.7 80.25763176895317 109.48317117500706 762.991 4.58 74.17518362282881 806
90 30.7 140.3274234527687 214.21137043266756 1276.066 4.58 75.73089750692526 1083
100 37.7 947.1040848806372 652.8161370991074 3251.319 4.58 89.99790000000003 1390
110 36.8 2031.6319157608698 1196.2751840518663 5377.586 4.58 272.86662195812124 1767
120 45.5 2748.8412197802204 1423.1940126944207 6852.933 0.404 576.016799063232 2135
130 83.9 1747.4009916567295 2156.1231948112354 8790.344 0.343 957.7291972972976 2590
140 102.4 2256.80468652344 2748.687317689493 10297.781 0.343 1150.9443140857384 3429
150 136.6 1332.5318726207886 2023.399293743852 10297.781 0.343 1405.2450150460363 4453
160 184.2 964.6168794788266 2016.634257765571 10297.781 0.343 1388.1757329438042 5819
170 213.6 934.4864232209746 1814.4611561593479 10297.781 0.343 1286.3358415350472 7661
180 255.3 779.5552130826491 1725.8741864141643 10297.781 0.342 1209.623546187608 9797
190 356.3 537.8522175133326 1447.4462037993646 10297.781 0.339 1120.7195417813766 12350
200 416.3 478.28134446312714 1393.4246870775767 10297.781 0.337 990.2126432476595 15913
210 516.4 364.4776613090631 1111.0475958930822 10297.781 0.296 884.0575328252642 20076
220 735.8 255.24175808643696 1025.2995262588486 10297.781 0.296 777.7536320126785 25240
230 863.6 224.98845402964355 1032.7399362927374 11040.925 0.296 659.8125813853613 32598
240 706.8 261.48192161856326 1062.9569945353883 11040.925 0.296 568.7435324489501 41234
250 320.5 692.7815650546047 974.3418852674384 11040.925 0.296 523.7821423336511 48302
260 64.8 118.60487808641979 188.0984324924897 11040.925 0.296 534.2980557011673 51507
270 0.2 15.518 0.4540000000000002 11040.925 0.296 529.1332742018986 52155
280 0 0 0 11040.925 0.296 529.1135792319348 52157
290 0 0 0 11040.925 0.296 529.1135792319348 52157
