0 1.3 65.40346153846154 90.47702934371743 234.273 6.052 0 0
10 5.5 59.36419999999998 91.27163611418392 239.78 5.506 65.40346153846154 13
20 9.8 30.78667346938775 66.0644477324945 239.78 4.787 60.51876470588234 68
30 9.5 39.841978947368425 87.92249844230086 461.74 4.72 42.96608433734939 166
40 13.3 42.41295488721805 80.48504568760777 461.74 4.72 41.828957854406134 261
50 17.1 58.03953801169585 120.50937670140863 676.942 4.673 42.02609390862945 394
60 18 35.674322222222244 71.3555079522913 676.942 4.673 46.87264070796459 565
70 23.8 112.8981008403361 160.96690657429883 762.991 4.673 44.16700671140939 745
80 34.4 64.57072674418609 99.25579922229593 762.991 4.58 60.807902339776184 983
90 38.9 111.84110282776345 191.521799280875 1235.146 4.245 61.78334438583271 1327
100 44.6 833.1068004484298 564.0063686662486 2156.509 4.245 73.13093648018648 1716
110 43 1791.9576279069765 955.6753225847722 3446.582 4.245 229.90671600370013 2162
120 55 2370.0551381818236 1137.5735311773017 4940.26 0.365 489.04324845678997 2592
130 96.9 1556.600441692461 1870.5930887279387 6381.382 0.343 818.3101292170601 3142
140 121.6 1851.336315789477 2180.3466921709123 6791.849 0.343 992.3318545366085 4111
150 173.1 1077.7047816291167 1618.5904058829124 6791.849 0.339 1188.4177236718606 5327
160 224.9 769.014403734993 1578.8201312924407 6791.849 0.332 1161.2649746387083 7058
170 265.8 755.8650549285171 1492.2555731286998 6791.849 0.332 1066.4791646072852 9307
180 323.9 608.5197394257489 1375.227349895637 6791.849 0.332 997.4768826577518 11965
190 427.7 449.92674678512986 1233.5808811628701 6791.849 0.332 914.6149919100237 15204
200 523.9 374.492616911625 1141.6352182058865 6791.849 0.328 812.5939650428624 19481
210 646.6 290.4940467058455 935.5280294108576 6791.849 0.296 719.7455442152105 24720
220 871.4 212.67497176956653 899.694115083491 6791.849 0.296 630.7459872699288 31186
230 1105.3 176.92525640097767 887.663397571706 6791.849 0.296 539.4409539598998 39900
240 947.2 198.08988756334537 878.1081317928534 6791.849 0.296 460.80209059329206 50953
250 539.9 403.24056269679414 693.1905602133229 6791.849 0.296 419.6202951923875 60425
260 123.1 51.10804630381806 97.21665455230973 6791.849 0.296 418.27680078694715 65824
270 0.4 7.6985 1.368202013593022 6791.849 0.296 411.5362931921558 67055
280 0 0 0 6791.849 0.296 411.51220468542635 67059
290 0 0 0 6791.849 0.296 411.51220468542635 67059
