10 0.1 16935.695 0 16935.695 16935.695 0 0
20 0.7 17901.657000000003 1342.2004022047427 19857.621 15786.431 16935.695 1
30 1.3 18030.34869230769 2300.1778607282786 20744.667 12480.979 17780.911750000003 8
40 0.8 18211.064124999997 1588.410571027722 21399.809 12480.979 17935.325095238095 21
50 1.9 18396.977736842106 2045.7407021784213 23445.995 12480.979 18011.391034482756 29
60 2.2 17692.509227272734 1952.2674625668185 23445.995 12480.979 18164.019104166666 48
70 1.6 17663.794625000006 1962.6318476905228 23445.995 12480.979 18015.830285714288 70
80 3 18291.8604 1751.5990781602322 23445.995 12480.979 17950.33527906977 86
90 4 18117.570000000007 1812.7846733223444 23445.995 12480.979 18038.660741379314 116
100 3.1 19958.17825806452 2272.3031687033076 24949.264 12480.979 18058.893884615387 156
110 2 24008.61415 3053.0441187122306 30906.973 12480.979 18373.748513368988 187
120 3.5 28252.78917142856 2014.621338799098 32722.004 12480.979 18918.179975845414 207
130 6 31691.71473333333 3015.0531799194746 39399.742 12480.979 20268.22676033058 242
140 8.5 33528.337105882376 6020.950195459711 42752.143 12480.979 22537.793907284766 302
150 17.3 30069.404826589605 7605.108276660424 47033.466 12480.979 24951.73750387597 387
160 20.1 28940.127179104486 7417.343208969747 47033.466 12480.979 26532.73115892858 560
170 24.1 25726.68602489625 7550.578706950547 47330.944 12480.979 27168.587400788445 761
180 33.7 23923.98956083086 5715.036233114129 47330.944 12480.979 26821.782778443117 1002
190 35.4 22876.490935028243 5465.970809888019 47330.944 12480.979 26092.465142643767 1339
200 48.8 21260.623045081975 4987.499662783084 47330.944 11795.793 25420.01690313054 1693
210 67.3 20987.199251114416 4332.466604770045 47330.944 11795.793 24489.350143512154 2181
220 60.6 20190.478798679887 3862.628863313495 47330.944 11643.548 23663.510076734416 2854
230 113.7 19053.127810026384 3457.1566985766303 47330.944 11498.573 23055.227719942206 3460
240 127.7 19257.719235708708 3407.1987030462506 47330.944 11498.573 22065.367463780734 4597
250 114.2 19871.635899299494 3425.7115820426807 47330.944 11498.573 21454.988371637734 5874
260 43.4 21411.507711981576 2695.575393005796 47330.944 11498.573 21197.26480786774 7016
270 0.1 28737.358 0.0 47330.944 11498.573 21209.745535436254 7450
280 0 0 0 47330.944 11498.573 21210.755817608388 7451
290 0 0 0 47330.944 11498.573 21210.755817608388 7451
