0 4.30859375 4.30859375
10 23.34375 27.65234375
20 44.69921875 72.3515625
30 41.70703125 114.05859375
40 57.99375 172.05234375
50 80.22890625 252.28125
60 79.4671875 331.7484375
70 104.7984375 436.546875
80 156.43125 592.978125
90 178.44296875 771.42109375
100 209.2421875 980.66328125
110 216.1296875 1196.79296875
120 247.94765625 1444.740625
130 389.80234375 1834.54296875
140 433.32734375 2267.8703125
150 621.70234375 2889.57265625
160 689.34375 3578.91640625
170 785.19140625 4364.1078125
180 896.56328125 5260.67109375
190 1050.396875 6311.06796875
200 1211.85546875 7522.9234375
210 1469.98125 8992.9046875
220 1675.7765625 10668.68125
230 1962.53203125 12631.21328125
240 1742.0671875 14373.28046875
250 1693.0828125 16066.36328125
260 663.75078125 16730.1140625
270 2.1375 16732.2515625
280 0 16732.2515625
290 0 16732.2515625
