0 27.4625 27.4625
10 115.55859375 143.02109375
20 142.3921875 285.41328125
30 144.44140625 429.8546875
40 218.7453125 648.6
50 251.31171875 899.91171875
60 247.63984375 1147.5515625
70 425.89140625 1573.44296875
80 527.29296875 2100.7359375
90 578.95625 2679.6921875
100 754.5984375 3434.290625
110 678.51796875 4112.80859375
120 796.91015625 4909.71875
130 797.66328125 5707.38203125
140 1092.534375 6799.91640625
150 1028.80390625 7828.7203125
160 1058.975 8887.6953125
170 1298.76015625 10186.45546875
180 1364.74921875 11551.2046875
190 1619.34375 13170.5484375
200 1814.36875 14984.9171875
210 2190.6078125 17175.525
220 2734.940625 19910.465625
230 3151.88125 23062.346875
240 2759.725 25822.071875
250 2786.99765625 28609.06953125
260 745.96015625 29355.0296875
270 2.275 29357.3046875
280 0 29357.3046875
290 0 29357.3046875
