0 0.6 5.334500000000001 9.854865545336814 27.37 0.805 0 0
10 1.3 1.0752307692307692 0.47861163858781786 27.37 0.805 5.334500000000001 6
20 1.1 0.9631818181818184 0.20588868050558431 27.37 0.773 2.420263157894737 19
30 0.9 0.974 0.2715085429390554 27.37 0.773 1.8860000000000003 30
40 2.3 1.0142173913043475 0.5470286501138387 27.37 0.773 1.675538461538462 39
50 2.5 0.9021199999999997 0.20786597990051187 27.37 0.71 1.430209677419355 62
60 2.7 1.1105185185185187 0.6174707892548363 27.37 0.71 1.2784597701149425 87
70 3.8 0.9024736842105264 0.12955343072548245 27.37 0.648 1.2386842105263158 114
80 4.2 0.9272380952380951 0.25273012234244857 27.37 0.648 1.1546315789473685 152
90 6.5 1.0434153846153842 1.037677271488257 27.37 0.648 1.1054020618556701 194
100 9.7 0.8829381443298968 0.1612442480030908 27.37 0.602 1.0898455598455599 259
110 7.6 0.9368026315789472 0.32612784140646933 27.37 0.602 1.0334691011235955 356
120 13.1 0.9821679389312974 0.7105717851651945 27.37 0.602 1.016462962962963 432
130 14.9 0.9816442953020131 0.450217547322537 27.37 0.602 1.0084831261101244 563
140 13 1.0767615384615377 1.748887843542272 27.37 0.557 1.0028665730337079 712
150 24.9 0.9738473895582328 0.524182255471336 27.37 0.557 1.014275534441805 842
160 30.7 0.9752475570032579 0.5281194748897975 27.37 0.557 1.0050485792850594 1091
170 33.8 0.9384349112426031 0.5735383301730188 27.37 0.557 0.9985042918454936 1398
180 58.8 0.910229591836734 0.9323443843500563 27.37 0.557 0.9868087557603686 1736
190 64.6 0.9120309597523212 0.5436638823741651 27.37 0.557 0.9674333046471599 2324
200 66.9 0.8836218236173399 0.5383962362487679 27.37 0.557 0.9553828282828281 2970
210 134.8 0.9302032640949541 1.0483714827318458 27.37 0.541 0.9421901621324539 3639
220 226.9 0.8525226972234466 0.6719276310224672 27.37 0.389 0.938950070182474 4987
230 224.1 0.8375997322623826 0.599535014662417 27.37 0.389 0.9119236493936052 7256
240 57.1 0.785008756567425 0.5237541417250184 27.37 0.389 0.8943854901547854 9497
247 0 0 0 27.37 0.389 0.8881822606277312 10068
