0 0.1 691.0 0 691.0 691.0 0 0
10 0.1 691.515625 0.0 691.515625 691.0 691.0 1
20 0.1 691.35546875 0.0 691.515625 691.0 691.2578125 2
30 0.1 691.109375 0.0 691.515625 691.0 691.2903645833334 3
40 0.1 691.0703125 0.0 691.515625 691.0 691.2451171875 4
50 0.1 687.03515625 0.0 691.515625 687.03515625 691.21015625 5
60 0.1 686.15625 0.0 691.515625 686.15625 690.5143229166666 6
70 0.1 683.16796875 0.0 691.515625 683.16796875 689.8917410714286 7
80 0.1 684.25 0.0 691.515625 683.16796875 689.05126953125 8
90 0.1 683.75390625 0.0 691.515625 683.16796875 688.5177951388889 9
100 0.1 674.44921875 0.0 691.515625 674.44921875 688.04140625 10
110 0.1 668.13671875 0.0 691.515625 668.13671875 686.8057528409091 11
120 0.1 674.6875 0.0 691.515625 668.13671875 685.25 12
130 0.1 659.05078125 0.0 691.515625 659.05078125 684.4375 13
140 0.1 627.625 0.0 691.515625 627.625 682.6241629464286 14
150 0.1 609.54296875 0.0 691.515625 609.54296875 678.9575520833333 15
160 0.1 598.453125 0.0 691.515625 598.453125 674.619140625 16
170 0.1 581.2109375 0.0 691.515625 581.2109375 670.1387867647059 17
180 0.1 574.1796875 0.0 691.515625 574.1796875 665.1983506944445 18
190 0.1 580.61328125 0.0 691.515625 574.1796875 660.4078947368421 19
200 0.1 581.0078125 0.0 691.515625 574.1796875 656.4181640625 20
210 0.1 579.55078125 0.0 691.515625 574.1796875 652.8271949404761 21
220 0.1 570.89453125 0.0 691.515625 570.89453125 649.4964488636364 22
230 0.1 548.9140625 0.0 691.515625 548.9140625 646.0789741847826 23
240 0.1 554.3359375 0.0 691.515625 548.9140625 642.0304361979166 24
247 0.1 665.7578125 0.0 691.515625 548.9140625 638.52265625 25
