0 0.1 0.19140625 0 0.19140625 0.19140625 0 0
10 0.1 0.16015625 0.0 0.19140625 0.16015625 0.19140625 1
20 0.1 0.140625 0.0 0.19140625 0.140625 0.17578125 2
30 0.1 0.109375 0.0 0.19140625 0.109375 0.1640625 3
40 0.1 0.1015625 0.0 0.19140625 0.1015625 0.150390625 4
50 0.1 0.078125 0.0 0.19140625 0.078125 0.140625 5
60 0.1 0.0703125 0.0 0.19140625 0.0703125 0.13020833333333334 6
70 0.1 0.140625 0.0 0.19140625 0.0703125 0.12165178571428571 7
80 0.1 0.12109375 0.0 0.19140625 0.0703125 0.1240234375 8
90 0.1 0.1015625 0.0 0.19140625 0.0703125 0.12369791666666667 9
100 0.1 0.078125 0.0 0.19140625 0.0703125 0.121484375 10
110 0.1 0.0703125 0.0 0.19140625 0.0703125 0.11754261363636363 11
120 0.1 0.05859375 0.0 0.19140625 0.05859375 0.11360677083333333 12
130 0.1 0.05078125 0.0 0.19140625 0.05078125 0.109375 13
140 0.1 0.0390625 0.0 0.19140625 0.0390625 0.10518973214285714 14
150 0.1 0.03125 0.0 0.19140625 0.03125 0.10078125 15
160 0.1 0.1015625 0.0 0.19140625 0.03125 0.096435546875 16
170 0.1 0.08984375 0.0 0.19140625 0.03125 0.09673713235294118 17
180 0.1 0.0703125 0.0 0.19140625 0.03125 0.09635416666666667 18
190 0.1 0.140625 0.0 0.19140625 0.03125 0.09498355263157894 19
200 0.1 0.19921875 0.0 0.19921875 0.03125 0.097265625 20
210 0.1 0.171875 0.0 0.19921875 0.03125 0.10212053571428571 21
220 0.1 0.140625 0.0 0.19921875 0.03125 0.10529119318181818 22
230 0.1 0.3515625 0.0 0.3515625 0.03125 0.10682744565217392 23
240 0.1 0.2890625 0.0 0.3515625 0.03125 0.11702473958333333 24
247 0.1 0.25 0.0 0.3515625 0.03125 0.12390625 25
