0 0.3 6231.777666666666 942.7079891399156 7469.479 5183.836 0 0
10 0.9 6182.605888888889 1068.9625498488858 7773.476 4288.287 6231.777666666666 3
20 1.4 6022.617071428571 1120.1198225866901 8052.712 4288.287 6194.898833333333 12
30 0.4 5804.88225 623.8320428221743 8052.712 4288.287 6102.131730769231 26
40 2 5833.023299999999 947.1452898935889 8052.712 4173.541 6062.498466666667 30
50 2.2 5912.178318181818 977.1268283870171 8052.712 3932.539 5970.7083999999995 50
60 2.3 5900.596304347825 1004.3188478176093 8052.712 3932.539 5952.824208333333 72
70 3.3 5833.490212121211 1097.9151449908265 8052.712 3439.737 5940.179557894737 95
80 4.7 5727.6595744680835 1043.1897144748082 8052.712 3439.737 5912.673710937499 128
90 4.1 5683.554 978.2499507648912 8052.712 3439.737 5862.984199999999 175
100 8.3 6157.743373493975 1077.5246069989798 8854.234 3439.737 5828.925689814814 216
110 8.6 6144.219372093026 1107.7174546453734 8854.234 3439.737 5920.202839464882 299
120 5.4 6643.619500000001 1298.2303031546835 9980.071 3439.737 5970.242896103897 385
130 7.8 11255.664243589747 1721.4549569166709 14410.414 3439.737 6053.072820045559 439
140 7.9 15706.222607594935 1979.0733639284522 19712.67 3439.737 6837.989901353966 517
150 12.2 17962.946631147537 3605.5563514108817 23742.041 3368.49 8013.477122483222 596
160 22.9 15017.592694323144 7329.272027499849 29055.367 3368.49 9704.055506963789 718
170 35.5 14194.234830985908 6402.162525339935 31987.312 3368.49 10988.955206969376 947
180 41.5 12027.463493975903 6208.870084370779 33134.332 3285.495 11862.898576036865 1302
190 66.8 9643.816131736537 4916.071205556177 33134.332 3227.398 11902.674022131623 1717
200 63.9 9527.279086071998 3993.551376287363 33134.332 3227.398 11270.004390775683 2385
210 75.7 9082.481298546907 3854.287887646469 33134.332 3227.398 10901.74993650794 3024
220 120.7 7708.474718309862 2922.87712687724 33134.332 3181.269 10537.511280349117 3781
230 126.1 7629.357969865189 2764.8933984672917 33134.332 3058.509 9852.938880513237 4988
240 115.6 8208.811232698961 2648.904220523577 33134.332 3058.509 9404.237403744604 6249
247 7.1 10496.778774647892 1438.623556083004 33134.332 3058.509 9217.618544361923 7405
