0 14.6125 14.6125
10 40.54765625 55.16015625
20 65.05703125 120.2171875
30 17.6625 137.8796875
40 89.0078125 226.8875
50 112.76328125 339.65078125
60 101.6875 441.33828125
70 151.37890625 592.7171875
80 197.65390625 790.37109375
90 200.9078125 991.27890625
100 386.190625 1377.46953125
110 379.7453125 1757.21484375
120 335.4546875 2092.66953125
130 507.8625 2600.53203125
140 482.3515625 3082.88359375
150 610.95078125 3693.834375
160 918.43125 4612.265625
170 1195.678125 5807.94375
180 1320.10859375 7128.05234375
190 1824.55859375 8952.6109375
200 1848.05078125 10800.66171875
210 2224.69921875 13025.3609375
220 2899.6515625 15925.0125
230 2974.8140625 18899.8265625
240 2446.06640625 21345.89296875
247 212.4734375 21558.36640625
