0 44.209375 44.209375
10 101.0203125 145.2296875
20 178.07734375 323.30703125
30 36.15546875 359.4625
40 247.7953125 607.2578125
50 312.7265625 919.984375
60 269.67890625 1189.66328125
70 411.1171875 1600.78046875
80 508.38359375 2109.1640625
90 560.63359375 2669.79765625
100 1025.16875 3694.96640625
110 990.9984375 4685.96484375
120 907.75859375 5593.7234375
130 1413.3171875 7007.040625
140 1378.71484375 8385.75546875
150 1330.19921875 9715.9546875
160 1563.99921875 11279.95390625
170 2160.48671875 13440.440625
180 2048.21328125 15488.65390625
190 3195.06171875 18683.715625
200 3013.54921875 21697.26484375
210 3443.5515625 25140.81640625
220 4376.2953125 29517.11171875
230 4432.14296875 33949.2546875
240 4516.028125 38465.2828125
247 286.78046875 38752.06328125
