0 0.1 690.16015625 0 690.16015625 690.16015625 0 0
10 0.1 689.6015625 0.0 690.16015625 689.6015625 690.16015625 1
20 0.1 682.98046875 0.0 690.16015625 682.98046875 689.880859375 2
30 0.1 680.76953125 0.0 690.16015625 680.76953125 687.5807291666666 3
40 0.1 678.65234375 0.0 690.16015625 678.65234375 685.8779296875 4
50 0.1 675.77734375 0.0 690.16015625 675.77734375 684.4328125 5
60 0.1 671.71484375 0.0 690.16015625 671.71484375 682.990234375 6
70 0.1 670.7890625 0.0 690.16015625 670.7890625 681.3794642857143 7
80 0.1 663.14453125 0.0 690.16015625 663.14453125 680.0556640625 8
90 0.1 655.19921875 0.0 690.16015625 655.19921875 678.1766493055555 9
100 0.1 652.86328125 0.0 690.16015625 652.86328125 675.87890625 10
110 0.1 635.76953125 0.0 690.16015625 635.76953125 673.7865767045455 11
120 0.1 619.171875 0.0 690.16015625 619.171875 670.6184895833334 12
130 0.1 592.578125 0.0 690.16015625 592.578125 666.6610576923077 13
140 0.1 573.41015625 0.0 690.16015625 573.41015625 661.3694196428571 14
150 0.1 547.484375 0.0 690.16015625 547.484375 655.50546875 15
160 0.1 562.0703125 0.0 690.16015625 547.484375 648.754150390625 16
170 0.1 558.79296875 0.0 690.16015625 547.484375 643.6551011029412 17
180 0.1 560.59765625 0.0 690.16015625 547.484375 638.9405381944445 18
190 0.1 554.65234375 0.0 690.16015625 547.484375 634.817228618421 19
200 0.1 525.390625 0.0 690.16015625 525.390625 630.808984375 20
210 0.1 501.0625 0.0 690.16015625 501.0625 625.7890625 21
220 0.1 479.98046875 0.0 690.16015625 479.98046875 620.1196732954545 22
230 0.1 429.265625 0.0 690.16015625 429.265625 614.0266644021739 23
240 0.1 406.7890625 0.0 690.16015625 406.7890625 606.3282877604166 24
250 0.1 408.25390625 0.0 690.16015625 406.7890625 598.34671875 25
260 0.1 475.39453125 0.0 690.16015625 406.7890625 591.0354567307693 26
270 0.1 662.296875 0.0 690.16015625 406.7890625 586.7524594907408 27
280 0.1 663.25390625 0.0 690.16015625 406.7890625 589.4504743303571 28
290 0.1 665.33984375 0.0 690.16015625 406.7890625 591.9954202586207 29
