0 0.5 3.6954000000000002 4.841395030360568 13.377 1.158 0 0
10 1.4 1.3115714285714284 0.12241773580987494 13.377 1.158 3.6954000000000002 5
20 0.8 1.265375 0.06731073001386921 13.377 1.158 1.9388947368421052 19
30 0.9 2.549888888888889 3.593523849137638 13.377 1.158 1.7393333333333332 27
40 2.5 1.3795999999999997 0.2948514202102476 13.377 1.158 1.9419722222222222 36
50 2 1.5109499999999998 0.8167543985189183 13.377 1.129 1.7114918032786886 61
60 2.3 1.6842608695652175 1.3661407788362239 13.377 1.129 1.6619753086419753 81
70 4.3 1.3816279069767445 0.47112413923512536 13.377 1.051 1.6669038461538461 104
80 3 1.3427999999999998 0.3010165443958188 13.377 1.051 1.5834557823129254 147
90 6.6 1.29589393939394 0.26218863951464744 13.377 1.051 1.5426666666666669 177
100 6.9 1.344608695652174 0.25914229862930205 13.377 1.051 1.4756419753086423 243
110 9.7 1.3521649484536085 0.6135714895527721 13.377 1.017 1.4466634615384617 312
120 11.4 1.5565614035087711 1.1767936294140995 13.377 1.017 1.4242518337408314 409
130 16.1 1.3449813664596268 0.5123831116156545 13.377 0.982 1.4530917782026767 523
140 16.4 1.3311768292682922 0.4127053507483128 13.377 0.948 1.427644736842105 684
150 24.2 1.3149504132231413 0.6371936321196867 13.377 0.936 1.4089882075471694 848
160 30.1 1.3146644518272423 0.5504663836846825 13.377 0.936 1.3881100917431193 1090
170 31.3 1.2458658146964845 0.3474671031120831 13.377 0.915 1.3722171099928109 1391
180 49.9 1.314505010020041 0.6793962555232312 13.377 0.915 1.349008215962441 1704
190 60.8 1.2861595394736844 0.6246699780324416 13.377 0.915 1.341192918747163 2203
200 65.2 1.2775828220858896 0.6074549019181822 13.377 0.863 1.3292895766631092 2811
210 91.8 1.2598224400871465 0.6971306926805552 13.377 0.852 1.3195544325729136 3463
220 122.2 1.1940245499181676 0.4471579440121912 13.377 0.765 1.307038119150879 4381
230 123.3 1.200536090835363 0.4741722669260429 13.377 0.765 1.282390148134928 5603
240 172.2 1.227082462253196 0.7140917805271738 13.377 0.75 1.2676262434172036 6836
250 245.9 1.1750004066693773 0.4980615931276352 13.377 0.717 1.2594682168731022 8558
260 243.9 1.1497589175891756 0.41296850852061723 13.377 0.717 1.2406149587001913 11017
270 389.3 1.1075371179039375 0.4495034277863666 13.377 0.717 1.2241466260404288 13456
