0 0.1 1.0609946889893556 0 1.0609946889893556 1.0609946889893556 0 0
10 0.1 0.10005002501250625 0.0 1.0609946889893556 0.10005002501250625 1.0609946889893556 1
20 0.1 0.15022533800701052 0.0 1.0609946889893556 0.10005002501250625 0.5805223570009309 2
30 0.1 0.050075112669003496 0.0 1.0609946889893556 0.050075112669003496 0.43709001733629077 3
40 0.1 0.1 0.0 1.0609946889893556 0.050075112669003496 0.34033629116946895 4
50 0.1 0.2004008016032064 0.0 1.0609946889893556 0.050075112669003496 0.29226903293557516 5
60 0.1 0.10010010010010009 0.0 1.0609946889893556 0.050075112669003496 0.27695766104684705 6
70 0.1 0.0501002004008016 0.0 1.0609946889893556 0.050075112669003496 0.2516922951973118 7
80 0.1 0.20020020020020018 0.0 1.0609946889893556 0.050075112669003496 0.22649328334774801 8
90 0.1 1.5022533800701052 0.0 1.5022533800701052 0.050075112669003496 0.22357182966468717 9
100 0.1 0.40060090135202797 0.0 1.5022533800701052 0.050075112669003496 0.35143998470522897 10
110 0.1 0.30120481927710846 0.0 1.5022533800701052 0.050075112669003496 0.35590915894584707 11
120 0.1 0.5007511266900351 0.0 1.5022533800701052 0.050075112669003496 0.35135046397345215 12
130 0.1 0.45045045045045046 0.0 1.5022533800701052 0.050075112669003496 0.36284282264395856 13
140 0.1 1.4021031547320981 0.0 1.5022533800701052 0.050075112669003496 0.36910051034442226 14
150 0.1 1.6 0.0 1.6 0.050075112669003496 0.43796735330360065 15
160 0.1 0.6565656565656566 0.0 1.6 0.050075112669003496 0.5105943937221256 16
170 0.1 1.3032581453634084 0.0 1.6 0.050075112669003496 0.5191809385952745 17
180 0.1 0.8076728924785461 0.0 1.6 0.050075112669003496 0.5627407834157263 18
190 0.1 2.0222446916076846 0.0 2.0222446916076846 0.050075112669003496 0.5756319470506116 19
200 0.1 2.432843385707045 0.0 2.432843385707045 0.050075112669003496 0.6479625842784653 20
210 0.1 3.0010172939979656 0.0 3.0010172939979656 0.050075112669003496 0.7329569081560168 21
220 0.1 3.158984981874676 0.0 3.158984981874676 0.050075112669003496 0.8360505620579235 22
230 0.1 4.254201680672269 0.0 4.254201680672269 0.050075112669003496 0.9370477107456084 23
240 0.1 4.411764705882353 0.0 4.411764705882353 0.050075112669003496 1.0752624594925526 24
250 0.1 7.131452900478978 0.0 7.131452900478978 0.050075112669003496 1.2087225493481446 25
260 0.1 8.369565217391305 0.0 8.369565217391305 0.050075112669003496 1.4365198705454842 26
270 0.1 7.788671023965142 0.0 8.369565217391305 0.050075112669003496 1.6932993278360702 27
