0 0.1 689.60546875 0 689.60546875 689.60546875 0 0
10 0.1 691.33984375 0.0 691.33984375 689.60546875 689.60546875 1
20 0.1 691.1328125 0.0 691.33984375 689.60546875 690.47265625 2
30 0.1 691.625 0.0 691.625 689.60546875 690.6927083333334 3
40 0.1 691.1171875 0.0 691.625 689.60546875 690.92578125 4
50 0.1 691.015625 0.0 691.625 689.60546875 690.9640625 5
60 0.1 691.015625 0.0 691.625 689.60546875 690.97265625 6
70 0.1 690.8984375 0.0 691.625 689.60546875 690.9787946428571 7
80 0.1 690.8984375 0.0 691.625 689.60546875 690.96875 8
90 0.1 688.41015625 0.0 691.625 688.41015625 690.9609375 9
100 0.1 688.4453125 0.0 691.625 688.41015625 690.705859375 10
110 0.1 688.015625 0.0 691.625 688.015625 690.5003551136364 11
120 0.1 688.62109375 0.0 691.625 688.015625 690.2932942708334 12
130 0.1 688.7421875 0.0 691.625 688.015625 690.1646634615385 13
140 0.1 687.421875 0.0 691.625 687.421875 690.0630580357143 14
150 0.1 688.96484375 0.0 691.625 687.421875 689.8869791666667 15
160 0.1 688.34375 0.0 691.625 687.421875 689.829345703125 16
170 0.1 686.4140625 0.0 691.625 686.4140625 689.7419577205883 17
180 0.1 686.28515625 0.0 691.625 686.28515625 689.5570746527778 18
190 0.1 685.80859375 0.0 691.625 685.80859375 689.3848684210526 19
200 0.1 686.28125 0.0 691.625 685.80859375 689.2060546875 20
210 0.1 685.92578125 0.0 691.625 685.80859375 689.0667782738095 21
220 0.1 682.7578125 0.0 691.625 682.7578125 688.9240056818181 22
230 0.1 675.60546875 0.0 691.625 675.60546875 688.6559103260869 23
240 0.1 674.4921875 0.0 691.625 674.4921875 688.1121419270834 24
250 0.1 672.90625 0.0 691.625 672.90625 687.56734375 25
260 0.1 673.12109375 0.0 691.625 672.90625 687.0034555288462 26
270 0.1 671.734375 0.0 691.625 671.734375 686.4892939814815 27
