0 0.5 31.4264 8.282599220051637 46.611 24.543 0 0
10 1.3 32.12623076923077 5.425736520777562 46.611 24.543 31.4264 5
20 0.9 25.672777777777775 1.2642180523749118 46.611 23.816 31.93183333333334 18
30 0.9 29.182777777777783 7.937819498770535 49.37 23.816 29.845481481481485 27
40 2.5 29.209680000000002 11.893092195791638 83.619 23.608 29.67980555555556 36
50 2 27.036099999999994 3.6991635392342412 83.619 23.042 29.487131147540985 61
60 2.3 27.43921739130435 5.255626276804381 83.619 21.969 28.881938271604938 81
70 4.3 26.550511627906978 3.7560746170616146 83.619 21.969 28.562875 104
80 3 28.234233333333332 8.27960303268755 83.619 21.969 27.974224489795915 147
90 6.6 28.950999999999993 5.995793123667476 83.619 21.969 28.018293785310732 177
100 6.9 27.413739130434777 4.575011426776492 83.619 20.899 28.27162139917695 243
110 9.7 29.90761855670104 8.776608581605267 83.619 20.899 28.081897435897428 312
120 11.4 27.331210526315786 5.609454114657734 83.619 20.899 28.514892420537894 409
130 16.1 28.269515527950315 5.996467792700076 83.619 20.899 28.25688145315487 523
140 16.4 29.86268902439026 10.03704606334376 104.372 20.899 28.259855263157892 684
150 24.2 30.403425619834707 7.62422340149294 104.372 20.899 28.569837264150944 848
160 29.9 30.087635451505005 7.992351753147147 104.372 20.761 28.97692752293578 1090
170 31.5 30.416228571428586 7.591293260283665 104.372 20.761 29.216021598272135 1389
180 49.6 39.76284879032252 17.676560772539474 131.06 20.161 29.43789084507042 1704
190 61 40.406649180327896 16.456601453865005 133.268 20.161 31.765699545454527 2200
200 65.3 42.07399540581928 16.50240430155513 133.268 20.161 33.64149288256227 2810
210 84 217.03545714285696 162.69705085319376 595.581 20.161 35.23156627201847 3463
220 111.1 1160.1477641764166 523.5647125925466 1958.499 1.61 70.72198419707176 4303
230 123 1546.3917821138193 724.0008436272551 2162.677 1.561 294.2816520132986 5414
240 172.1 1059.060495061013 913.655649637225 2162.677 1.486 526.0840993377478 6644
250 246.1 787.699579439256 908.4769101803611 2162.677 1.401 635.737700896593 8365
260 243.7 788.1320073861317 924.2201478520705 2162.677 1.401 670.2821478847228 10826
270 389.2 498.83582631037973 820.4053177907446 2162.677 1.401 691.9363820402633 13263
