0 0.6 32.74949999999999 8.93241198762499 51.395 26.527 0 0
10 1.4 33.66928571428572 5.48393230171525 51.395 26.274 32.74949999999999 6
20 0.7 27.96642857142857 1.276271115078483 51.395 25.773 33.393350000000005 20
30 0.9 31.22022222222222 7.923982763705773 51.433 25.773 31.986370370370373 27
40 2.7 30.940148148148154 11.498304247611676 85.659 25.663 31.794833333333333 36
50 1.8 29.28294444444445 3.8325538551296487 85.659 25.062 31.428539682539682 63
60 2.5 29.24968 5.105479336712666 85.659 24.027 30.951740740740746 81
70 4.2 28.671571428571426 3.7861120410990345 85.659 24.027 30.550311320754723 106
80 3 30.166499999999996 8.309061012934414 85.659 24.027 30.01715540540541 148
90 6.7 30.90029850746269 5.997720808437813 85.659 23.545 30.04232584269663 178
100 7 30.237442857142852 5.598997182240288 85.659 22.971 30.27695510204082 245
110 9.4 31.517212765957446 8.519479947259219 85.659 22.971 30.268174603174604 315
120 11.6 29.305103448275865 5.621324189590107 85.659 22.971 30.55523960880196 409
130 16.3 30.448705521472398 6.07768441226779 85.659 22.971 30.279019047619048 525
140 16.6 31.845716867469864 9.896283757806092 106.397 22.971 30.319220930232564 688
150 24 32.48605416666659 7.661052215126805 106.397 22.971 30.615940281030444 854
160 30 32.30717333333334 8.113218700981472 106.397 22.687 31.026202925045688 1094
170 31.1 32.394774919614136 7.631493904617881 106.397 22.687 31.301878048780477 1394
180 50.1 41.69750299401199 17.646649242151877 133.138 22.391 31.501227565982393 1705
190 60.9 42.557303776683156 16.449005988644185 135.373 22.391 33.81688213961922 2206
200 65.1 44.213980030721956 16.49955964439338 135.373 22.391 35.70779396092364 2815
210 84.7 223.8164935064934 165.96488813022344 661.356 22.391 37.30546480092327 3466
220 110.3 1167.3263789664543 523.816526928448 1960.539 3.385 73.93306538372363 4313
230 122.9 1549.8473799837275 723.0153911191504 2164.84 3.374 296.6089931683898 5416
240 183.7 1043.9743826891668 915.315859013622 2164.84 3.187 528.3968001504892 6645
250 246.6 786.6910283860483 907.2686217077328 2164.84 3.187 640.058674605046 8482
260 243 793.0375222222228 927.5058225358805 2164.84 3.187 673.0871167336495 10948
270 398.2 489.28954846810734 812.6590897260572 2164.84 2.952 694.8750884287634 13378
