0 0.4828125 0.4828125
10 1.36640625 1.84921875
20 0.778125 2.62734375
30 0.87734375 3.5046875
40 2.43359375 5.93828125
50 1.94140625 7.8796875
60 2.2328125 10.1125
70 4.1734375 14.2859375
80 2.91796875 17.20390625
90 6.40859375 23.6125
100 6.68984375 30.30234375
110 9.41953125 39.721875
120 11.0765625 50.7984375
130 15.646875 66.4453125
140 15.92421875 82.36953125
150 23.51015625 105.8796875
160 29.21015625 135.08984375
170 30.41796875 165.5078125
180 48.4609375 213.96875
190 59.04453125 273.01328125
200 63.30546875 336.31875
210 89.16171875 425.48046875
220 118.6890625 544.16953125
230 119.69375 663.86328125
240 167.21953125 831.0828125
250 238.70859375 1069.79140625
260 236.86796875 1306.659375
270 378.0109375 1684.6703125
