0 36.1796875 36.1796875
10 94.02109375 130.20078125
20 65.16953125 195.3703125
30 65.1265625 260.496875
40 180.9578125 441.4546875
50 144.6140625 586.06875
60 166.38203125 752.45078125
70 311.090625 1063.54140625
80 217.0953125 1280.63671875
90 477.396875 1758.03359375
100 498.8875 2256.92109375
110 701.47578125 2958.396875
120 824.5625 3782.959375
130 1164.3140625 4947.2734375
140 1186.1875 6133.4609375
150 1750.3984375 7883.859375
160 2161.99453125 10045.85390625
170 2278.08984375 12323.94375
180 3586.76171875 15910.70546875
190 4411.19375 20321.89921875
200 4722.3078125 25044.20703125
210 6074.3875 31118.59453125
220 7530.87890625 38649.4734375
230 7363.734375 46013.2078125
240 7310.090625 53323.2984375
250 7966.44296875 61289.74140625
260 7750.91875 69040.66015625
270 8253.58515625 77294.2453125
