0 1 4.206099999999999 8.480153801081675 29.58 1.091 0 0
10 0.9 1.1676666666666664 0.05010433558530074 29.58 1.074 4.206099999999999 10
20 0.8 1.16325 0.07187619564222916 29.58 1.058 2.7668421052631573 19
30 2 1.1671 0.10517884768336265 29.58 1.005 2.291703703703703 27
40 2.7 1.1780740740740745 0.12293657682089149 29.58 0.917 1.8131489361702122 47
50 1.4 1.1668571428571428 0.12004157443084759 29.58 0.917 1.5814324324324323 74
60 3.5 1.4148571428571424 1.2565587051912204 29.58 0.866 1.5154772727272723 88
70 5.5 1.3650909090909091 0.7010432037711507 29.58 0.866 1.4868455284552842 123
80 3 1.2174333333333331 0.12502417988355516 29.58 0.866 1.4492247191011232 178
90 6.5 1.2661846153846155 0.4538569036536549 29.58 0.866 1.4157932692307686 208
100 9.6 1.405125 0.8963966784902394 29.58 0.866 1.380172161172161 273
110 7.9 1.2795949367088606 0.41763746373332417 29.58 0.866 1.3866639566395662 369
120 13 1.368469230769231 1.4016537166365113 29.58 0.866 1.367783482142857 448
130 16.5 1.210284848484848 0.37234496559883173 29.58 0.866 1.3679377162629758 578
140 14.5 1.2911999999999997 0.7371975134203204 29.58 0.866 1.33292732166891 743
150 26.9 1.207550185873606 0.435209519137958 29.58 0.866 1.326113738738739 888
160 30.4 1.1868092105263153 0.8482594193681231 29.58 0.864 1.2985479688850476 1157
170 31.4 1.1728694267515924 0.472862228109079 29.58 0.864 1.2752977412731006 1461
180 55.1 1.1765880217785831 0.5437146775659302 29.58 0.847 1.2571780281690141 1775
190 65.9 1.1072124430955999 0.3792973622510069 29.58 0.847 1.2380872742906273 2326
200 62.8 1.1277165605095545 0.6162972770301632 29.58 0.84 1.209193969849246 2985
210 113.7 1.0958979771328068 0.47612716807655947 29.58 0.823 1.1950318295045668 3613
220 117.1 1.0477728437233145 0.3480499335678126 29.58 0.768 1.171302315789474 4750
230 122.8 1.0688916938110729 0.40054042949982754 29.58 0.765 1.1468718121938866 5921
240 15.3 1.127856209150326 0.3685318942804942 29.58 0.765 1.1334769897887815 7149
250 0 0 0 29.58 0.765 1.1333592166529716 7302
260 0 0 0 29.58 0.765 1.1333592166529716 7302
262 0 0 0 29.58 0.765 1.1333592166529716 7302
