0 0.1 1.5578041483174774 0 1.5578041483174774 1.5578041483174774 0 0
10 0.1 0.5502751375687844 0.0 1.5578041483174774 0.5502751375687844 1.5578041483174774 1
20 0.1 0.35035035035035034 0.0 1.5578041483174774 0.35035035035035034 1.054039642943131 2
30 0.1 0.6003001500750376 0.0 1.5578041483174774 0.35035035035035034 0.819476545412204 3
40 0.1 0.6003001500750376 0.0 1.5578041483174774 0.35035035035035034 0.7646824465779124 4
50 0.1 0.8012018027040559 0.0 1.5578041483174774 0.35035035035035034 0.7318059872773375 5
60 0.1 0.5 0.0 1.5578041483174774 0.35035035035035034 0.7433719565151239 6
70 0.1 0.9013520280420632 0.0 1.5578041483174774 0.35035035035035034 0.7086045341558205 7
80 0.1 1.7999999999999998 0.0 1.7999999999999998 0.35035035035035034 0.7326979708916008 8
90 0.1 1.899050474762619 0.0 1.899050474762619 0.35035035035035034 0.8512870852369785 9
100 0.1 1.2980529206190714 0.0 1.899050474762619 0.35035035035035034 0.9560634241895425 10
110 0.1 1.7928286852589643 0.0 1.899050474762619 0.35035035035035034 0.9871533784104087 11
120 0.1 1.105527638190955 0.0 1.899050474762619 0.35035035035035034 1.054292987314455 12
130 0.1 2.359437751004016 0.0 2.359437751004016 0.35035035035035034 1.058234114304955 13
140 0.1 3.0211480362537766 0.0 3.0211480362537766 0.35035035035035034 1.151177231212031 14
150 0.1 3.1 0.0 3.1 0.35035035035035034 1.2758419515481474 15
160 0.1 4.0703517587939695 0.0 4.0703517587939695 0.35035035035035034 1.3898518295763882 16
170 0.1 3.857868020304569 0.0 4.0703517587939695 0.35035035035035034 1.5475282960009518 17
180 0.1 3.7150127226463106 0.0 4.0703517587939695 0.35035035035035034 1.6758805029067083 18
190 0.1 6.172839506172839 0.0 6.172839506172839 0.35035035035035034 1.7832032513140557 19
200 0.1 7.072282891315653 0.0 7.072282891315653 0.35035035035035034 2.002685064056995 20
210 0.1 6.973140495867769 0.0 7.072282891315653 0.35035035035035034 2.244094484402645 21
220 0.1 12.90994273815721 0.0 12.90994273815721 0.35035035035035034 2.4590511212874233 22
230 0.1 13.555787278415016 0.0 13.555787278415016 0.35035035035035034 2.9134377133252403 23
240 0.1 12.427593470247498 0.0 13.555787278415016 0.35035035035035034 3.356868945203981 24
250 0.1 2.481012658227848 0.0 13.555787278415016 0.35035035035035034 3.7196979262057215 25
260 0.1 1.9509754877438719 0.0 13.555787278415016 0.35035035035035034 3.67205618512965 26
262 0.1 2.493765586034913 0.0 13.555787278415016 0.35035035035035034 3.608312455596843 27
