0 0.1 670.5234375 0 670.5234375 670.5234375 0 0
10 0.1 669.9453125 0.0 670.5234375 669.9453125 670.5234375 1
20 0.1 669.38671875 0.0 670.5234375 669.38671875 670.234375 2
30 0.1 669.18359375 0.0 670.5234375 669.18359375 669.9518229166666 3
40 0.1 668.8828125 0.0 670.5234375 668.8828125 669.759765625 4
50 0.1 665.17578125 0.0 670.5234375 665.17578125 669.584375 5
60 0.1 666.0390625 0.0 670.5234375 665.17578125 668.849609375 6
70 0.1 666.39453125 0.0 670.5234375 665.17578125 668.4481026785714 7
80 0.1 661.78515625 0.0 670.5234375 661.78515625 668.19140625 8
90 0.1 662.703125 0.0 670.5234375 661.78515625 667.4796006944445 9
100 0.1 656.296875 0.0 670.5234375 656.296875 667.001953125 10
110 0.1 645.56640625 0.0 670.5234375 645.56640625 666.0287642045455 11
120 0.1 631.8046875 0.0 670.5234375 631.8046875 664.3235677083334 12
130 0.1 625.8984375 0.0 670.5234375 625.8984375 661.8221153846154 13
140 0.1 617.3359375 0.0 670.5234375 617.3359375 659.2561383928571 14
150 0.1 622.40234375 0.0 670.5234375 617.3359375 656.4614583333333 15
160 0.1 625.44921875 0.0 670.5234375 617.3359375 654.332763671875 16
170 0.1 625.3359375 0.0 670.5234375 617.3359375 652.6337316176471 17
180 0.1 624.30078125 0.0 670.5234375 617.3359375 651.1171875 18
190 0.1 621.96484375 0.0 670.5234375 617.3359375 649.7057976973684 19
200 0.1 616.44140625 0.0 670.5234375 616.44140625 648.31875 20
210 0.1 625.38671875 0.0 670.5234375 616.44140625 646.80078125 21
220 0.1 615.390625 0.0 670.5234375 615.390625 645.8274147727273 22
230 0.1 617.046875 0.0 670.5234375 615.390625 644.5040760869565 23
240 0.1 616.46875 0.0 670.5234375 615.390625 643.3600260416666 24
250 0.1 622.44921875 0.0 670.5234375 615.390625 642.284375 25
260 0.1 623.73046875 0.0 670.5234375 615.390625 641.521484375 26
262 0.1 649.03125 0.0 670.5234375 615.390625 640.8625578703703 27
