0 0.1 0.0 0 0.0 0.0 0 0
10 0.1 0.1484375 0.0 0.1484375 0.0 0.0 1
20 0.1 0.12109375 0.0 0.1484375 0.0 0.07421875 2
30 0.1 0.1015625 0.0 0.1484375 0.0 0.08984375 3
40 0.1 0.08984375 0.0 0.1484375 0.0 0.0927734375 4
50 0.1 0.0703125 0.0 0.1484375 0.0 0.0921875 5
60 0.1 0.05859375 0.0 0.1484375 0.0 0.08854166666666667 6
70 0.1 0.05078125 0.0 0.1484375 0.0 0.08426339285714286 7
80 0.1 0.0390625 0.0 0.1484375 0.0 0.080078125 8
90 0.1 0.0390625 0.0 0.1484375 0.0 0.07552083333333333 9
100 0.1 0.03125 0.0 0.1484375 0.0 0.071875 10
110 0.1 0.01953125 0.0 0.1484375 0.0 0.06818181818181818 11
120 0.1 0.01953125 0.0 0.1484375 0.0 0.06412760416666667 12
130 0.1 0.01953125 0.0 0.1484375 0.0 0.060697115384615384 13
140 0.1 0.01171875 0.0 0.1484375 0.0 0.05775669642857143 14
150 0.1 0.01171875 0.0 0.1484375 0.0 0.0546875 15
160 0.1 0.01171875 0.0 0.1484375 0.0 0.052001953125 16
170 0.1 0.01171875 0.0 0.1484375 0.0 0.04963235294117647 17
180 0.1 0.01171875 0.0 0.1484375 0.0 0.047526041666666664 18
190 0.1 0.0 0.0 0.1484375 0.0 0.04564144736842105 19
200 0.1 0.078125 0.0 0.1484375 0.0 0.043359375 20
210 0.1 0.0703125 0.0 0.1484375 0.0 0.04501488095238095 21
220 0.1 0.05859375 0.0 0.1484375 0.0 0.04616477272727273 22
230 0.1 0.05078125 0.0 0.1484375 0.0 0.046705163043478264 23
240 0.1 0.0390625 0.0 0.1484375 0.0 0.046875 24
250 0.1 0.03125 0.0 0.1484375 0.0 0.0465625 25
260 0.1 0.03125 0.0 0.1484375 0.0 0.045973557692307696 26
262 0.1 0.01953125 0.0 0.1484375 0.0 0.04542824074074074 27
