0 3.8 97.89015789473684 84.83335208746689 224.386 6.643 0 0
10 3.1 95.62525806451615 88.0812438351452 226.431 6.216 97.89015789473684 38
20 3.1 100.22225806451614 87.5837152774668 230.71 6.216 96.87259420289857 69
30 7.4 105.14451351351353 91.8320605162229 278.43 6.216 97.91099000000003 100
40 10.9 124.8691376146789 100.290196440082 421.799 5.847 100.98731609195406 174
50 6.9 129.1973768115942 113.24881640653558 452.157 5.847 110.18561484098942 283
60 12.4 296.8737096774195 267.30472134984024 1367.435 5.847 113.91235227272729 352
70 17.3 567.298485549133 457.02477130649345 2071.833 5.847 161.5745546218488 476
80 17.7 607.2863954802259 580.873200236386 2326.188 5.847 269.7259260400617 649
90 13.5 820.6537925925926 722.7139595222595 3431.975 5.847 342.06031234866833 826
100 20.6 3070.228368932041 1081.7900619359102 6854.084 5.847 409.29248699271596 961
110 16.9 5953.166343195266 1705.6635351067325 11591.225 5.847 879.0035338474726 1167
120 35.7 3957.0441764705856 4427.861421111338 16141.148 0.574 1520.869937125749 1336
130 58.1 3496.2521049913917 4930.364337492839 16980.729 0.569 2034.5818115770817 1693
140 47.3 3849.383598308665 5496.5997682867355 19103.135 0.569 2408.034072119612 2274
150 78 2565.489108974363 4681.423559984009 20934.119 0.565 2656.216935566071 2747
160 95.3 2022.6504176285432 4043.4932093406164 20934.119 0.556 2636.1523751063223 3527
170 96.2 2161.065646569648 4367.397445734413 20934.119 0.556 2505.6462667410715 4480
180 165.5 1071.6440344410905 3104.605361514744 20934.119 0.556 2444.7336323043 5442
190 199.9 932.6922541270632 2977.4146455224127 20934.119 0.555 2124.5330849654792 7097
200 191.4 1035.4807251828624 3251.2617344242517 21632.542 0.555 1862.6058839050138 9096
210 334.4 604.1635610047853 2474.1622742160066 21632.542 0.552 1718.8168236148958 11010
220 352.6 505.028493760637 2177.529751467429 21632.542 0.548 1459.1400429148673 14354
230 371.3 510.44440910314916 2310.474184333977 21632.542 0.548 1270.9858302572713 17880
240 84.4 2167.4107736966816 4615.528139226923 21632.542 0.548 1140.2077865975086 21593
250 15.9 11804.304465408808 973.6452518963787 21632.542 0.548 1178.8475031867008 22437
260 22.9 7229.896711790392 3386.6568310419316 21632.542 0.548 1253.6150574880512 22596
262 0 0 0 21632.542 0.548 1313.5742469222346 22825
