0 4.7 79.114 85.15586099592585 224.386 6.643 0 0
10 3.8 77.97873684210526 87.49102041764183 226.431 6.216 79.114 47
20 3.8 81.73176315789478 87.89126565473542 230.71 6.216 78.6064705882353 85
30 9.1 85.47169230769232 92.0344377457702 278.43 6.216 79.57200813008131 123
40 13.7 99.31497080291969 101.62651128468869 421.799 5.847 82.08075233644861 214
50 8.9 100.1251123595505 112.22108608971806 452.157 5.847 88.80749857549857 351
60 15.1 243.75804635761583 239.05167073613933 1075.188 5.847 91.09674318181817 440
70 20.9 494.46271291866054 393.29683484548576 1729.353 5.847 130.10157698815564 591
80 23.1 442.72675324675333 408.71685640001505 1729.353 5.847 225.29092375000005 800
90 15.1 808.9637682119203 642.490687868069 2389.126 5.847 274.0083598448109 1031
100 24.2 2708.8649628099183 624.2174024194088 4182.954 5.847 342.3486869712352 1182
110 19.5 5592.841138461535 1206.6214550865222 7948.703 5.847 744.5235035112362 1424
120 44.6 3336.6761995515694 3610.168757964889 9508.5 0.574 1328.4777584928966 1619
130 74.9 2691.290695594126 3981.6214943737127 10135.273 0.569 1762.209722033898 2065
140 63.2 2967.061305379748 4431.1259188494105 11765.95 0.569 2009.5024189765459 2814
150 100.6 1912.5981819085519 3651.3462659739353 11765.95 0.565 2185.1197190946027 3446
160 126.5 1535.129742292489 3302.308655700151 11765.95 0.556 2123.539156109615 4452
170 123.8 1620.1609563812594 3531.422389465658 11765.95 0.556 1993.341865838727 5717
180 216.3 805.6689713361078 2578.597145264321 11765.95 0.556 1926.9151273903667 6955
190 264.5 723.3164752362914 2572.6887014507492 12398.448 0.555 1660.9296661548588 9118
200 255.8 779.1631583268178 2676.831385411847 12746.333 0.555 1450.1002102354837 11763
210 437.6 448.61038619744164 2043.4004480208346 12746.333 0.552 1330.258231408421 14321
220 467.2 383.04637585616445 1829.3862820792663 12746.333 0.548 1123.910102262395 18697
230 493.5 380.4325608915912 1951.36253341873 12774.278 0.548 975.7944220976508 23369
240 126.9 1547.1931339637506 3840.7447371178278 13228.629 0.548 871.9889251695874 28304
250 22.5 8498.446862222238 2939.2726855113156 13332.134 0.548 900.9624530822035 29573
260 32.9 4348.014513677814 3359.4231654432183 13333.139 0.548 958.3298600241629 29798
262 0 0 0 13333.139 0.548 995.3466971155445 30127
