0 0.9 2139.2542222222223 550.2734714498839 3227.426 1490.852 0 0
10 0.8 2574.3387500000003 465.6850416651661 3267.186 1490.852 2139.2542222222223 9
20 0.6 2361.4133333333334 554.9287536127698 3267.186 1490.852 2343.9998823529418 17
30 1.8 2439.287 585.8026845209912 3325.657 1488.376 2348.5425217391307 23
40 2.8 2399.18025 572.370165951485 3356.395 1488.376 2388.38156097561 41
50 1.9 2716.967105263159 565.870477200801 3639.91 1488.376 2392.7636376811593 69
60 2.8 3104.7726071428574 719.0395898163317 4330.832 1488.376 2462.7621136363637 88
70 3.1 3972.293999999999 1135.5845467785277 6236.341 1488.376 2617.7301637931037 116
80 6 4340.071916666668 1461.2743637435594 6988.432 1488.376 2903.386482993197 147
90 0.9 5421.291666666667 1576.4592201238684 7443.827 1488.376 3319.817043478261 207
100 3.1 10223.084258064515 1752.7205883843699 12849.365 1488.376 3407.378486111111 216
110 1.8 17541.218666666664 2728.790778166688 21287.359 1488.376 4262.790951417004 247
120 8.9 14271.692404494377 9749.496531053574 28754.719 1029.368 5164.7218905660375 265
130 16.8 13172.813226190474 11589.78300525125 33614.781 1029.368 7454.327471751412 354
140 15 14007.815820000003 12802.589865326743 41798.119 1029.368 9294.759668582374 522
150 23.9 11244.936539748958 12149.356212127026 46645.191 1014.749 10346.78113095238 672
160 30.8 8624.802097402608 10971.419051516645 48935.963 1007.719 10582.411364434687 911
170 28.4 9541.377538732399 11555.133109065542 51191.141 1007.719 10087.789826907305 1219
180 51.3 5583.905840155948 7938.499133028827 51191.141 1007.593 9984.542262142386 1503
190 64.3 4867.4216065318815 6719.172733774732 51191.141 1007.593 8864.737458333337 2016
200 64.1 5411.773597503896 8070.308437463283 53145.924 1007.593 7898.105606995113 2659
210 104.1 4041.0117195004786 6039.738095170591 53145.924 1007.593 7415.154450000001 3300
220 114 3711.9683061403484 5281.538245600343 53145.924 1007.593 6606.0131041234745 4341
230 122.5 3488.914854693874 4773.379407441755 53145.924 1007.593 6004.0771308155445 5481
240 40.5 4310.193925925927 5819.38407957013 53145.924 1006.42 5544.626819415448 6706
250 5.9 24457.76008474576 4542.129831746572 53145.924 1006.42 5474.320909998593 7111
260 13.2 31668.797810606065 7940.143335536219 53145.924 1006.42 5630.530521059972 7170
262 0 0 0 53145.924 1006.42 6101.230504930156 7302
