0 21.240625 21.240625
10 17.275 38.515625
20 16.684375 55.2
30 41.36640625 96.56640625
40 64.428125 160.99453125
50 41.4546875 202.44921875
60 66.76953125 269.21875
70 101.8359375 371.0546875
80 102.8234375 473.878125
90 77.815625 551.69375
100 119.28515625 670.97890625
110 103.853125 774.83203125
120 142.86796875 917.7
130 214.37421875 1132.07421875
140 179.4515625 1311.52578125
150 237.89140625 1549.4171875
160 288.8171875 1838.234375
170 279.57109375 2117.80546875
180 420.42265625 2538.228125
190 502.41328125 3040.64140625
200 489.5890625 3530.23046875
210 771.31015625 4301.540625
220 823.0125 5124.553125
230 850.33515625 5974.88828125
240 278.09609375 6252.984375
250 90.66875 6343.653125
260 117.74453125 6461.39765625
262 0 6461.39765625
