0 2771.60859375 2771.60859375
10 2177.35703125 4948.965625
20 2179.53984375 7128.50546875
30 5265.92109375 12394.4265625
40 9039.48046875 21433.90703125
50 5892.84140625 27326.7484375
60 8501.96796875 35828.71640625
70 12975.71171875 48804.428125
80 15535.878125 64340.30625
90 8636.5953125 72976.9015625
100 12859.59453125 85836.49609375
110 13237.01953125 99073.515625
120 13659.0515625 112732.5671875
130 14552.7484375 127285.315625
140 15812.0453125 143097.3609375
150 18226.40078125 161323.76171875
160 20375.60390625 181699.365625
170 13810.1359375 195509.5015625
180 19288.58359375 214798.08515625
190 17475.83046875 232273.915625
200 22286.68046875 254560.59609375
210 20585.86875 275146.46484375
220 17636.6578125 292783.12265625
230 18716.55703125 311499.6796875
240 15772.8 327272.4796875
250 19123.68203125 346396.16171875
260 23593.49921875 369989.6609375
262 0 369989.6609375
