0 0.7 3.674285714285715 4.057776967548531 11.845 1.173 0 0
10 0.7 1.1904285714285714 0.09160139915159919 11.845 1.067 3.674285714285715 7
20 1 1.2048999999999999 0.09767133663465455 11.845 1.067 2.432357142857143 14
30 1.4 1.1829285714285713 0.04880641685814083 11.845 1.067 1.9209166666666668 24
40 2.3 1.2978260869565217 0.5432220021936673 11.845 1.028 1.6490263157894738 38
50 2.2 1.2583636363636368 0.20809384802722267 11.845 1.026 1.5166065573770493 61
60 3.5 1.7737999999999998 3.3122975694480448 21.035 1.026 1.4481566265060244 83
70 4.9 1.3365714285714283 0.4729988997700455 21.035 0.935 1.5447457627118646 118
80 4.2 1.2723095238095234 0.49288936690147334 21.035 0.935 1.4836646706586827 167
90 5.4 1.3166851851851846 0.6482835691862148 21.035 0.935 1.4411913875598086 209
100 7.8 1.3288205128205126 0.75992743822953 21.035 0.935 1.4156273764258553 263
110 8.5 1.2475294117647056 0.5057685029207659 21.035 0.935 1.3957712609970672 341
120 14.6 1.633013698630137 2.2372395110826506 21.204 0.934 1.3661924882629106 426
130 15.7 1.2313566878980893 0.41504440730467607 21.204 0.933 1.4342972027972025 572
140 15 1.3108266666666661 0.955200772938455 21.204 0.933 1.39059122085048 729
150 27.4 1.4613832116788326 1.9815352751287227 29.101 0.933 1.3769795221843002 879
160 36.2 1.2635359116022093 1.1519051574692591 29.101 0.917 1.3970372940156113 1153
170 28.7 1.185620209059233 0.36136874717978007 29.101 0.908 1.3651379537953794 1515
180 53.7 1.1957430167597776 1.1802805718077383 29.101 0.892 1.3365466148723637 1802
190 106 2.0615150943396237 2.455592907452428 38.447 0.727 1.3042201795639161 2339
200 266.2 1.041863260706235 0.3745913807932244 38.447 0.683 1.5403874669020303 3399
210 377.6 1.046053495762713 0.4375635350942031 38.447 0.681 1.3214349117307373 6061
220 377.5 1.0501443708609262 0.43413828001792554 38.447 0.681 1.215727864186236 9837
230 404.4 1.0800378338278973 0.5119705755512931 38.447 0.681 1.1698067881281222 13612
240 195.6 1.1251707566462152 0.7171402317165464 38.447 0.681 1.149245752152244 17656
250 0.6 1.2025 0.12197643214982147 38.447 0.681 1.1468446359371822 19612
260 0 0 0 38.447 0.681 1.1468616576613324 19618
270 0 0 0 38.447 0.681 1.1468616576613324 19618
280 0 0 0 38.447 0.681 1.1468616576613324 19618
290 0 0 0 38.447 0.681 1.1468616576613324 19618
293 0 0 0 38.447 0.681 1.1468616576613324 19618
