0 0.1 7.671365333644216 0 7.671365333644216 7.671365333644216 0 0
10 0.1 0.7992007992007992 0.0 7.671365333644216 0.7992007992007992 7.671365333644216 1
20 0.1 0.2001000500250125 0.0 7.671365333644216 0.2001000500250125 4.235283066422507 2
30 0.1 0.3001500750375188 0.0 7.671365333644216 0.2001000500250125 2.8902220609566758 3
40 0.1 0.39980009995002497 0.0 7.671365333644216 0.2001000500250125 2.2427040644768867 4
50 0.1 0.5002501250625313 0.0 7.671365333644216 0.2001000500250125 1.8741232715715141 5
60 0.1 0.6503251625812907 0.0 7.671365333644216 0.2001000500250125 1.6451444138200173 6
70 0.1 0.7996001999000499 0.0 7.671365333644216 0.2001000500250125 1.5030273779287706 7
80 0.1 1.1988011988011988 0.0 7.671365333644216 0.2001000500250125 1.4150989806751806 8
90 0.1 1.1511511511511512 0.0 7.671365333644216 0.2001000500250125 1.3910658938002938 9
100 0.1 1.4955134596211366 0.0 7.671365333644216 0.2001000500250125 1.3670744195353794 10
110 0.1 1.8924302788844622 0.0 7.671365333644216 0.2001000500250125 1.3787506959068119 11
120 0.1 2.1934197407776668 0.0 7.671365333644216 0.2001000500250125 1.421557327821616 12
130 0.1 3.7332005973120954 0.0 7.671365333644216 0.2001000500250125 1.480931359587466 13
140 0.1 3.681592039800995 0.0 7.671365333644216 0.2001000500250125 1.6418077337106538 14
150 0.1 2.902902902902903 0.0 7.671365333644216 0.2001000500250125 1.7777933541166768 15
160 0.1 6.107249255213505 0.0 7.671365333644216 0.2001000500250125 1.8481127009158158 16
170 0.1 8.559919436052366 0.0 8.559919436052366 0.2001000500250125 2.098650145286268 17
180 0.1 8.26281732205077 0.0 8.559919436052366 0.2001000500250125 2.4576095503288293 18
190 0.1 10.35175879396985 0.0 10.35175879396985 0.2001000500250125 2.7631468014720895 19
200 0.1 15.208428767750801 0.0 15.208428767750801 0.2001000500250125 3.1425774010969776 20
210 0.1 21.924603174603174 0.0 21.924603174603174 0.2001000500250125 3.7171417518900167 21
220 0.1 27.317798710956865 0.0 27.317798710956865 0.2001000500250125 4.544753634740615 22
230 0.1 31.589338598223097 0.0 31.589338598223097 0.2001000500250125 5.534886029358713 23
240 0.1 34.300919206579586 0.0 34.300919206579586 0.2001000500250125 6.620488219728062 24
250 0.1 24.430128840436076 0.0 34.300919206579586 0.2001000500250125 7.727705459202123 25
260 0.1 0.5499999999999999 0.0 34.300919206579586 0.2001000500250125 8.370106358480353 26
270 0.1 0.09995002498750624 0.0 34.300919206579586 0.09995002498750624 8.080472789647748 27
280 0.1 0.0 0.0 34.300919206579586 0.0 7.795454119481311 28
290 0.1 0.15 0.0 34.300919206579586 0.0 7.526645356740576 29
293 0.1 0.1 0.0 34.300919206579586 0.0 7.280757178182557 30
