0 0.1 733.40234375 0 733.40234375 733.40234375 0 0
10 0.1 730.58984375 0.0 733.40234375 730.58984375 733.40234375 1
20 0.1 730.11328125 0.0 733.40234375 730.11328125 731.99609375 2
30 0.1 730.4765625 0.0 733.40234375 730.11328125 731.3684895833334 3
40 0.1 728.98828125 0.0 733.40234375 728.98828125 731.1455078125 4
50 0.1 730.71875 0.0 733.40234375 728.98828125 730.7140625 5
60 0.1 733.9375 0.0 733.9375 728.98828125 730.71484375 6
70 0.1 732.75 0.0 733.9375 728.98828125 731.1752232142857 7
80 0.1 728.5625 0.0 733.9375 728.5625 731.3720703125 8
90 0.1 733.16015625 0.0 733.9375 728.5625 731.0598958333334 9
100 0.1 725.53515625 0.0 733.9375 725.53515625 731.269921875 10
110 0.1 723.0390625 0.0 733.9375 723.0390625 730.7485795454545 11
120 0.1 719.65234375 0.0 733.9375 719.65234375 730.1061197916666 12
130 0.1 708.03125 0.0 733.9375 708.03125 729.3019831730769 13
140 0.1 709.66796875 0.0 733.9375 708.03125 727.7826450892857 14
150 0.1 707.80078125 0.0 733.9375 707.80078125 726.575 15
160 0.1 676.796875 0.0 733.9375 676.796875 725.401611328125 16
170 0.1 645.734375 0.0 733.9375 645.734375 722.5425091911765 17
180 0.1 682.234375 0.0 733.9375 645.734375 718.275390625 18
190 0.1 607.73046875 0.0 733.9375 607.73046875 716.3784950657895 19
200 0.1 535.29296875 0.0 733.9375 535.29296875 710.94609375 20
210 0.1 489.765625 0.0 733.9375 489.765625 702.5816592261905 21
220 0.1 478.45703125 0.0 733.9375 478.45703125 692.908203125 22
230 0.1 446.6953125 0.0 733.9375 446.6953125 683.5842391304348 23
240 0.1 454.5859375 0.0 733.9375 446.6953125 673.7138671875 24
250 0.1 687.59375 0.0 733.9375 446.6953125 664.94875 25
260 0.1 710.8203125 0.0 733.9375 446.6953125 665.8197115384615 26
270 0.1 712.390625 0.0 733.9375 446.6953125 667.4864004629629 27
280 0.1 713.23828125 0.0 733.9375 446.6953125 669.0901227678571 28
290 0.1 713.79296875 0.0 733.9375 446.6953125 670.6124730603449 29
293 0.1 713.90234375 0.0 733.9375 446.6953125 672.0518229166667 30
