0 0.1 0.0390625 0 0.0390625 0.0390625 0 0
10 0.1 0.0390625 0.0 0.0390625 0.0390625 0.0390625 1
20 0.1 0.03125 0.0 0.0390625 0.03125 0.0390625 2
30 0.1 0.03125 0.0 0.0390625 0.03125 0.036458333333333336 3
40 0.1 0.01953125 0.0 0.0390625 0.01953125 0.03515625 4
50 0.1 0.01953125 0.0 0.0390625 0.01953125 0.03203125 5
60 0.1 0.01171875 0.0 0.0390625 0.01171875 0.029947916666666668 6
70 0.1 0.01171875 0.0 0.0390625 0.01171875 0.02734375 7
80 0.1 0.01171875 0.0 0.0390625 0.01171875 0.025390625 8
90 0.1 0.01171875 0.0 0.0390625 0.01171875 0.023871527777777776 9
100 0.1 0.01171875 0.0 0.0390625 0.01171875 0.02265625 10
110 0.1 0.0 0.0 0.0390625 0.0 0.02166193181818182 11
120 0.1 0.078125 0.0 0.078125 0.0 0.019856770833333336 12
130 0.1 0.0703125 0.0 0.078125 0.0 0.024338942307692308 13
140 0.1 0.05859375 0.0 0.078125 0.0 0.027622767857142856 14
150 0.1 0.05078125 0.0 0.078125 0.0 0.0296875 15
160 0.1 0.0390625 0.0 0.078125 0.0 0.031005859375 16
170 0.1 0.03125 0.0 0.078125 0.0 0.031479779411764705 17
180 0.1 0.03125 0.0 0.078125 0.0 0.03146701388888889 18
190 0.1 0.01953125 0.0 0.078125 0.0 0.03145559210526316 19
200 0.1 0.01953125 0.0 0.078125 0.0 0.030859375 20
210 0.1 0.01953125 0.0 0.078125 0.0 0.030319940476190476 21
220 0.1 0.46875 0.0 0.46875 0.0 0.029829545454545456 22
230 0.1 0.55859375 0.0 0.55859375 0.0 0.04891304347826087 23
240 0.1 0.62109375 0.0 0.62109375 0.0 0.07014973958333333 24
250 0.1 0.53125 0.0 0.62109375 0.0 0.0921875 25
260 0.1 0.51953125 0.0 0.62109375 0.0 0.10907451923076923 26
270 0.1 0.44140625 0.0 0.62109375 0.0 0.12427662037037036 27
280 0.1 0.37109375 0.0 0.62109375 0.0 0.13560267857142858 28
290 0.1 0.30859375 0.0 0.62109375 0.0 0.1437230603448276 29
293 0.1 0.26171875 0.0 0.62109375 0.0 0.14921875 30
