0 2 96.24600000000001 95.77737551165202 225.728 7.519 0 0
10 2.6 82.35796153846155 88.14931659427079 227.783 6.813 96.24600000000001 20
20 3.9 80.31979487179488 86.25729755532377 227.783 6.813 88.3962391304348 46
30 5.3 82.01607547169813 87.16271476022109 227.783 6.813 84.69057647058824 85
40 8 83.33651249999998 89.24811325750727 229.259 6.543 83.66341304347827 138
50 9.1 80.72729670329667 87.39522904139382 268.166 6.08 83.54344954128442 218
60 12.1 84.45038842975208 90.91450674789343 268.166 6.08 82.71409708737863 309
70 19.2 79.43957291666668 86.30345260634668 268.166 6.061 83.20268139534883 430
80 18.5 78.16467567567562 84.75081089649662 268.166 6.061 82.04107877813505 622
90 16.4 90.16809146341465 95.16517898862352 268.166 6.061 81.15243618339528 807
100 32.2 79.24461180124227 86.16681405112975 268.335 6.0 82.67516271884654 971
110 33.5 79.86152238805974 86.78888540913485 268.335 6.0 81.82084145398298 1293
120 48.4 92.67278099173558 97.3555654022878 501.56 6.0 81.41766461916463 1628
130 64 84.37472968749991 89.62153975049951 501.56 6.0 83.99696212121214 2112
140 60.5 87.12881818181819 94.13658424784298 501.56 6.0 84.08481504360464 2752
150 94 102.33429255319159 102.84698226333647 511.601 6.0 84.63340661304736 3357
160 137.3 119.82773488710846 120.5934252042336 607.704 6.0 88.50560414242496 4297
170 125.7 101.96691805887025 105.85302439692019 731.351 6.0 96.09031058201057 5670
180 149.7 383.20985504342093 488.1234995242156 3936.743 6.0 97.15670232423847 6927
190 185.3 1530.3960232056145 1162.482384228779 6010.736 0.383 147.9902219848054 8424
200 242 2344.716285950412 1911.0193450747174 8483.337 0.196 397.2456418215437 10277
210 351.8 1732.825148095507 1813.4034689961275 8483.337 0.094 768.4261536583446 12697
220 481.7 1386.962034461287 1644.25895710346 9938.754 0.051 977.6617788467465 16215
230 498.5 1273.0989077231645 1460.545215647381 9938.754 0.051 1071.404615062762 21032
240 367 1418.1148073569482 1468.409067036184 9938.754 0.051 1110.0503485797742 26017
250 19.3 44.15482383419689 10.844437132716585 9938.754 0.051 1148.1342426651393 29687
260 0 0 0 9938.754 0.051 1141.00345190763 29880
270 0 0 0 9938.754 0.051 1141.00345190763 29880
280 0 0 0 9938.754 0.051 1141.00345190763 29880
290 0 0 0 9938.754 0.051 1141.00345190763 29880
293 0 0 0 9938.754 0.051 1141.00345190763 29880
