0 3.4 56.564705882352946 86.06129342971698 225.728 6.489 0 0
10 5.6 38.16996428571429 70.99500775757916 227.783 5.581 56.564705882352946 34
20 8.7 35.94442528735632 68.283777508923 227.783 5.321 45.119088888888896 90
30 11.5 37.736373913043465 69.97274420533617 227.783 5.321 40.60950847457627 177
40 16.7 39.85108383233534 72.6718365533779 229.259 5.215 39.477965753424655 292
50 20.8 35.25778846153843 67.87954382498414 241.102 5.215 39.61371895424837 459
60 25.2 40.700682539682546 74.25823564669129 241.102 5.199 38.25534782608695 667
70 42.4 35.78708254716982 68.15315473339054 241.102 5.012 38.9258857453754 919
80 43.2 33.487527777777785 65.68063647233684 241.102 5.012 37.93493075204765 1343
90 30.5 48.40242295081966 81.67674128597763 241.102 5.012 36.85252056338028 1775
100 73.9 34.43210284167796 66.97811699060988 241.102 4.898 38.54613605769231 2080
110 74.9 35.66324566088118 68.32961345761258 241.102 4.898 37.46764349059951 2819
120 95.6 46.86530334728031 80.18345090097552 245.43 4.898 37.08886154708521 3568
130 145.6 37.0312094780219 69.90116310814604 248.47 4.842 39.154793987621574 4524
140 137.3 38.35618281136204 73.0517224855891 460.646 4.842 38.6377473244147 5980
150 191.6 50.443291753653526 83.84781477860429 460.646 4.842 38.585171766625855 7353
160 300.4 54.67975499334221 90.87747289921288 544.607 4.842 41.03637015859317 9269
170 295.3 43.20565492719252 78.3254730177908 544.607 4.842 44.375792308319085 12273
180 286.3 216.3921005937833 293.4319761957253 2043.533 4.842 44.148850518849315 15226
190 394.6 855.6234640141937 550.8444886709999 2915.628 0.317 71.41030360992876 18089
200 520.1 1102.5112912901382 742.6795219420924 3473.969 0.078 211.84620698888176 22035
210 725.5 835.2644605099917 808.1767545494944 3473.969 0.061 381.9280509986789 27236
220 1070.7 608.6975170449257 827.668115497652 3557.468 0.051 477.2849745730773 34491
230 1119.4 565.8941676791126 770.372279791103 3557.468 0.051 508.4154248639327 45198
240 1010.3 471.20210363258764 670.018445088366 3557.468 0.051 519.8251469357358 56392
250 73.5 11.282386394557836 5.60451007626152 3557.468 0.051 512.4375447627648 66495
260 0 0 0 3557.468 0.051 506.9586061728401 67230
270 0 0 0 3557.468 0.051 506.9586061728401 67230
280 0 0 0 3557.468 0.051 506.9586061728401 67230
290 0 0 0 3557.468 0.051 506.9586061728401 67230
293 0 0 0 3557.468 0.051 506.9586061728401 67230
