0 0.2 5411.921 1182.8239999999998 6594.745 4229.097 0 0
10 0.6 5871.967833333335 599.3217795782206 6946.305 4229.097 5411.921 2
20 1 5481.7612 571.7898329293378 6946.305 4229.097 5756.956125000001 8
30 1.2 5842.373416666668 812.9917571883755 7241.186 4229.097 5604.070055555556 18
40 1.7 5890.895294117647 1226.538365974159 8147.019 3870.663 5699.391400000001 30
50 2.3 5850.703217391304 1019.8141512503724 8147.019 3870.663 5768.658765957448 47
60 2.6 5554.671153846153 895.80334480122 8147.019 3870.663 5795.616228571429 70
70 4.7 5536.290659574469 1052.3885435248485 8147.019 3483.753 5730.360270833334 96
80 4.6 5831.075956521743 1055.3309250555105 8147.019 3483.753 5666.5751538461545 143
90 2.7 6207.442296296294 927.8208271070528 8147.019 3483.753 5706.612386243388 189
100 8.7 5758.810839080461 1015.2494461054612 8147.019 3483.753 5769.216125000002 216
110 8.2 5658.856121951221 1070.6028959345063 8147.019 3483.753 5766.2284686468665 303
120 8.8 5829.541863636362 1002.6913763702895 8212.378 3483.753 5743.359553246755 385
130 16.1 5753.266093167704 979.9869294525429 8212.378 3483.753 5759.393471458775 473
140 15.6 5862.842128205124 967.8782858921145 8212.378 3426.493 5757.837465299685 634
150 17.7 5714.848796610174 1099.625661340548 8256.242 3426.493 5778.57256329114 790
160 32.8 5999.333192073172 1003.5235657911538 8357.616 3426.493 5766.908543950362 967
170 34.3 5948.9031457725905 994.5394035329914 8409.601 3426.493 5825.777489575291 1295
180 22.7 6472.695436123348 1347.1089702442775 11245.699 3426.493 5851.560212454213 1638
190 27.9 10330.921942652325 1990.8557501139503 15131.837 3426.493 5927.162194101877 1865
200 48.9 14166.258415132916 2452.974422906126 19380.935 3426.493 6500.226079291045 2144
210 75 14134.313392000005 3619.4682027328486 23050.588 3206.246 7923.959391948347 2633
220 116.1 11362.877730404829 3856.1192350587953 23050.588 3206.246 9300.774496896245 3383
230 122.2 10753.427162847778 3351.837132495961 24677.866 3160.398 9827.645503521127 4544
240 160.3 10320.55405427323 2999.963151725164 24677.866 3160.398 10023.848276274712 5766
250 10.1 9512.000673267325 1011.6289863057807 24677.866 3160.398 10088.391547021301 7369
260 0 0 0 24677.866 3160.398 10080.598310307894 7470
270 0 0 0 24677.866 3160.398 10080.598310307894 7470
280 0 0 0 24677.866 3160.398 10080.598310307894 7470
290 0 0 0 24677.866 3160.398 10080.598310307894 7470
293 0 0 0 24677.866 3160.398 10080.598310307894 7470
