0 14.96484375 14.96484375
10 26.47734375 41.4421875
20 41.7421875 83.184375
30 54.6859375 137.8703125
40 79.35546875 217.22578125
50 99.9234375 317.14921875
60 119.09609375 436.2453125
70 202.9125 639.1578125
80 208.8421875 848
90 138.28984375 986.28984375
100 356.55546875 1342.8453125
110 360.2921875 1703.1375
120 442.92265625 2146.06015625
130 701.29140625 2847.3515625
140 661.81953125 3509.17109375
150 899.69375 4408.86484375
160 1430.82265625 5839.6875
170 1432.13046875 7271.81796875
180 1366.2515625 8638.06953125
190 1990.2515625 10628.32109375
200 2404.91015625 13033.23125
210 3054.8859375 16088.1171875
220 4290.94453125 20379.06171875
230 4449.81875 24828.88046875
240 4350.1203125 29179.00078125
250 379.41796875 29558.41875
260 0 29558.41875
270 0 29558.41875
280 0 29558.41875
290 0 29558.41875
293 0 29558.41875
