0 46.45625 46.45625
10 72.88125 119.3375
20 111.45 230.7875
30 154.575 385.3625
40 218.8671875 604.2296875
50 283.1046875 887.334375
60 328.97265625 1216.30703125
70 591.11171875 1807.41875
80 581.69375 2389.1125
90 380.3546875 2769.4671875
100 965.77734375 3735.24453125
110 1004.70703125 4739.9515625
120 1298.565625 6038.5171875
130 1946.134375 7984.6515625
140 1832.6625 9817.3140625
150 2614.7609375 12432.075
160 3975.8328125 16407.9078125
170 3941.2109375 20349.11875
180 3937.83359375 24286.95234375
190 5774.2046875 30061.15703125
200 5663.98515625 35725.1421875
210 5636.69765625 41361.83984375
220 8010.48046875 49372.3203125
230 8171.140625 57543.4609375
240 10320.5265625 67863.9875
250 613.10390625 68477.09140625
260 0 68477.09140625
270 0 68477.09140625
280 0 68477.09140625
290 0 68477.09140625
293 0 68477.09140625
