0 0.7 2.490571428571428 3.1302787578809683 10.147 1.043 0 0
10 0.7 1.187 0.051934024080008044 10.147 1.043 2.490571428571428 7
20 1.4 1.2070714285714286 0.062292471782843306 10.147 1.043 1.8387857142857142 14
30 1.1 1.251 0.2041376540919921 10.147 1.043 1.5229285714285712 28
40 3.1 1.3507741935483868 0.7424120110644336 10.147 1.043 1.446230769230769 39
50 1.3 1.1712307692307695 0.09221893168404598 10.147 1.043 1.4039571428571427 70
60 2.8 1.5648571428571427 1.370691606303853 10.147 0.937 1.3675060240963854 83
70 3.3 1.1740606060606062 0.21551797216683674 10.147 0.937 1.4172882882882882 111
80 4.3 1.3042093023255814 0.7949372524056877 10.147 0.937 1.361548611111111 144
90 6.9 1.2614347826086953 0.45218883057890225 10.147 0.937 1.3483636363636364 187
100 8 1.222025 0.38668798710976265 10.147 0.917 1.32493359375 256
110 7.1 1.3166619718309855 0.7150668036094817 10.147 0.917 1.3004315476190476 336
120 17.3 1.3321907514450861 1.2332255294099503 14.509 0.898 1.3032628992628992 407
130 14.6 1.3024315068493144 1.0576418516702986 14.509 0.898 1.3118913793103446 580
140 17.3 1.326768786127167 1.6863312964354995 22.469 0.898 1.309988980716253 726
150 27.5 1.1820618181818194 0.303759210554502 22.469 0.889 1.3132180200222465 899
160 36.1 1.1381800554016617 0.5097446411282809 22.469 0.879 1.282495741056218 1174
170 30.7 1.22171661237785 0.5989023519600771 22.469 0.846 1.2485557003257328 1535
180 88.9 1.0734780652418443 0.4911544031351972 22.469 0.684 1.2440825190010858 1842
190 244.9 1.0290318497345823 0.4373763613505427 22.469 0.672 1.188547052361772 2731
200 324.3 0.999223558433549 0.4195178101183754 22.469 0.672 1.1131314671814656 5180
210 425.6 1.026858082706774 0.46880489159354777 22.469 0.646 1.0692749614151718 8423
220 579.9 1.0137501293326467 0.5177455112031354 22.469 0.643 1.055036753687201 12679
230 659.7 0.996891768985903 0.4788630303517507 22.469 0.643 1.042079662301117 18478
240 460.7 1.0631925331018044 0.6456835436949488 22.469 0.643 1.0301911465603206 25075
250 52.8 1.2115265151515149 0.7675336035837644 22.469 0.643 1.0353133548952242 29682
260 0 0 0 22.469 0.643 1.0383931479642519 30210
270 0 0 0 22.469 0.643 1.0383931479642519 30210
280 0 0 0 22.469 0.643 1.0383931479642519 30210
290 0 0 0 22.469 0.643 1.0383931479642519 30210
292 0 0 0 22.469 0.643 1.0383931479642519 30210
