0 0.1 1.8667695443631276 0 1.8667695443631276 1.8667695443631276 0 0
10 0.1 0.15022533800701052 0.0 1.8667695443631276 0.15022533800701052 1.8667695443631276 1
20 0.1 0.40040040040040037 0.0 1.8667695443631276 0.15022533800701052 1.0084974411850691 2
30 0.1 0.25037556334501754 0.0 1.8667695443631276 0.15022533800701052 0.8057984275901795 3
40 0.1 0.25037556334501754 0.0 1.8667695443631276 0.15022533800701052 0.6669427115288891 4
50 0.1 0.4506760140210316 0.0 1.8667695443631276 0.15022533800701052 0.5836292818921148 5
60 0.1 0.2008032128514056 0.0 1.8667695443631276 0.15022533800701052 0.5614704039136009 6
70 0.1 0.40060090135202797 0.0 1.8667695443631276 0.15022533800701052 0.5099465194761444 7
80 0.1 0.7003501750875438 0.0 1.8667695443631276 0.15022533800701052 0.49627831721062987 8
90 0.1 0.45203415369161226 0.0 1.8667695443631276 0.15022533800701052 0.5189529680858426 9
100 0.1 0.9514271407110666 0.0 1.8667695443631276 0.15022533800701052 0.5122610866464196 10
110 0.1 1.2042147516307076 0.0 1.8667695443631276 0.15022533800701052 0.5521852733795692 11
120 0.1 1.4543630892678034 0.0 1.8667695443631276 0.15022533800701052 0.6065210632338308 12
130 0.1 1.7650025214321734 0.0 1.8667695443631276 0.15022533800701052 0.6717396806210594 13
140 0.1 1.710261569416499 0.0 1.8667695443631276 0.15022533800701052 0.7498298835361389 14
150 0.1 2.8268551236749118 0.0 2.8268551236749118 0.15022533800701052 0.8138586625948296 15
160 0.1 5.326633165829145 0.0 5.326633165829145 0.15022533800701052 0.9396709414123348 16
170 0.1 6.092648539778449 0.0 6.092648539778449 0.15022533800701052 1.1977275428486176 17
180 0.1 6.9674185463659155 0.0 6.9674185463659155 0.15022533800701052 1.4696675982336083 18
190 0.1 9.533572526909277 0.0 9.533572526909277 0.15022533800701052 1.7590229112932034 19
200 0.1 13.829229963331588 0.0 13.829229963331588 0.15022533800701052 2.147750392074007 20
210 0.1 14.231805929919137 0.0 14.231805929919137 0.15022533800701052 2.7040113240386536 21
220 0.1 19.795037756202806 0.0 19.795037756202806 0.15022533800701052 3.228001987942312 22
230 0.1 24.399776661083195 0.0 24.399776661083195 0.15022533800701052 3.948307890910159 23
240 0.1 28.547486033519554 0.0 28.547486033519554 0.15022533800701052 4.800452423000702 24
250 0.1 20.420258620689655 0.0 28.547486033519554 0.15022533800701052 5.750333767421456 25
260 0.1 8.045384218669417 0.0 28.547486033519554 0.15022533800701052 6.31456164639331 26
270 0.1 0.5012531328320802 0.0 28.547486033519554 0.15022533800701052 6.37866618610724 27
280 0.1 0.09995002498750624 0.0 28.547486033519554 0.09995002498750624 6.168758577061699 28
290 0.1 0.0 0.0 28.547486033519554 0.0 5.959489316645347 29
292 0.1 0.05002501250625312 0.0 28.547486033519554 0.0 5.760839672757169 30
