0 0.1 674.71875 0 674.71875 674.71875 0 0
10 0.1 673.859375 0.0 674.71875 673.859375 674.71875 1
20 0.1 670.1953125 0.0 674.71875 670.1953125 674.2890625 2
30 0.1 663.71875 0.0 674.71875 663.71875 672.9244791666666 3
40 0.1 659.0546875 0.0 674.71875 659.0546875 670.623046875 4
50 0.1 657.234375 0.0 674.71875 657.234375 668.309375 5
60 0.1 653.0703125 0.0 674.71875 653.0703125 666.4635416666666 6
70 0.1 654.7578125 0.0 674.71875 653.0703125 664.5502232142857 7
80 0.1 647.90234375 0.0 674.71875 647.90234375 663.326171875 8
90 0.1 641.015625 0.0 674.71875 641.015625 661.6124131944445 9
100 0.1 633.85546875 0.0 674.71875 633.85546875 659.552734375 10
110 0.1 616.12890625 0.0 674.71875 616.12890625 657.2166193181819 11
120 0.1 603.125 0.0 674.71875 603.125 653.7926432291667 12
130 0.1 588.359375 0.0 674.71875 588.359375 649.8951322115385 13
140 0.1 577.0703125 0.0 674.71875 577.0703125 645.4997209821429 14
150 0.1 569.90625 0.0 674.71875 569.90625 640.9377604166667 15
160 0.1 553.03125 0.0 674.71875 553.03125 636.498291015625 16
170 0.1 541.65625 0.0 674.71875 541.65625 631.5884650735294 17
180 0.1 536.19921875 0.0 674.71875 536.19921875 626.5922309027778 18
190 0.1 532.94921875 0.0 674.71875 532.94921875 621.8347039473684 19
200 0.1 507.05078125 0.0 674.71875 507.05078125 617.3904296875 20
210 0.1 493.83203125 0.0 674.71875 493.83203125 612.1361607142857 21
220 0.1 479.3984375 0.0 674.71875 479.3984375 606.7587002840909 22
230 0.1 433.0546875 0.0 674.71875 433.0546875 601.2212975543479 23
240 0.1 394.50390625 0.0 674.71875 394.50390625 594.2143554687501 24
250 0.1 396.5234375 0.0 674.71875 394.50390625 586.2259375000001 25
260 0.1 606.89453125 0.0 674.71875 394.50390625 578.9296875000001 26
270 0.1 653.55078125 0.0 674.71875 394.50390625 579.9654224537038 27
280 0.1 655.73046875 0.0 674.71875 394.50390625 582.593470982143 28
290 0.1 656.22265625 0.0 674.71875 394.50390625 585.115436422414 29
292 0.1 656.68359375 0.0 674.71875 394.50390625 587.4856770833335 30
