0 0.1 0.0 0 0.0 0.0 0 0
10 0.1 0.0 0.0 0.0 0.0 0.0 1
20 0.1 0.0 0.0 0.0 0.0 0.0 2
30 0.1 0.0 0.0 0.0 0.0 0.0 3
40 0.1 0.0 0.0 0.0 0.0 0.0 4
50 0.1 0.0 0.0 0.0 0.0 0.0 5
60 0.1 0.0 0.0 0.0 0.0 0.0 6
70 0.1 0.0 0.0 0.0 0.0 0.0 7
80 0.1 0.0 0.0 0.0 0.0 0.0 8
90 0.1 0.0 0.0 0.0 0.0 0.0 9
100 0.1 0.0 0.0 0.0 0.0 0.0 10
110 0.1 0.0 0.0 0.0 0.0 0.0 11
120 0.1 0.0 0.0 0.0 0.0 0.0 12
130 0.1 0.0 0.0 0.0 0.0 0.0 13
140 0.1 0.0 0.0 0.0 0.0 0.0 14
150 0.1 0.0 0.0 0.0 0.0 0.0 15
160 0.1 0.0 0.0 0.0 0.0 0.0 16
170 0.1 0.1484375 0.0 0.1484375 0.0 0.0 17
180 0.1 0.12890625 0.0 0.1484375 0.0 0.008246527777777778 18
190 0.1 0.109375 0.0 0.1484375 0.0 0.01459703947368421 19
200 0.1 0.08984375 0.0 0.1484375 0.0 0.0193359375 20
210 0.1 0.078125 0.0 0.1484375 0.0 0.02269345238095238 21
220 0.1 0.05859375 0.0 0.1484375 0.0 0.02521306818181818 22
230 0.1 0.05078125 0.0 0.1484375 0.0 0.026664402173913044 23
240 0.1 0.2890625 0.0 0.2890625 0.0 0.027669270833333332 24
250 0.1 0.23828125 0.0 0.2890625 0.0 0.038125 25
260 0.1 0.19921875 0.0 0.2890625 0.0 0.045823317307692304 26
270 0.1 0.171875 0.0 0.2890625 0.0 0.05150462962962963 27
280 0.1 0.1484375 0.0 0.2890625 0.0 0.05580357142857143 28
290 0.1 0.12109375 0.0 0.2890625 0.0 0.05899784482758621 29
292 0.1 0.1015625 0.0 0.2890625 0.0 0.06106770833333333 30
