0 1.6 72.16799999999999 95.59444227634262 247.129 7.028 0 0
10 4.4 64.52809090909089 95.20880863726894 348.537 7.028 72.16799999999999 16
20 6.9 49.83681159420289 76.55944203060108 348.537 7.028 66.56539999999998 60
30 6.9 42.86052173913044 72.68965423976032 348.537 7.028 57.61755038759689 129
40 13.7 119.59113868613134 169.41238352340997 818.119 7.028 52.47494949494949 198
50 15.3 59.92084313725485 100.33289381084874 818.119 6.931 79.92246567164176 335
60 15.7 80.32619745222924 120.51255290915034 818.119 6.931 73.65146516393439 488
70 16.3 76.8850736196319 123.51429236816807 818.119 6.931 75.27616744186041 645
80 24.6 133.1024065040651 187.13034184839768 889.712 6.931 75.60073638613856 808
90 30 235.19039000000018 302.83673835988134 1638.062 6.931 89.02142979127132 1054
100 36.6 911.7612486338795 584.7748008600332 3656.795 6.931 121.40746233382572 1354
110 43.9 1678.6388451025055 838.8976199132966 5291.894 6.931 289.5873959302325 1720
120 48.9 2140.547482617587 900.015846832333 5444.949 0.601 572.0300018527095 2159
130 78.1 1973.5461702944958 2832.177117894842 10314.58 0.587 861.6844762084592 2648
140 108.2 2077.827385397417 2721.507315015346 11558.867 0.577 1114.9256494604845 3429
150 145.7 1300.8478188057638 2018.6650960724432 11558.867 0.571 1345.8854540013315 4511
160 207.3 857.8872392667633 1888.163669831065 11558.867 0.571 1334.8901734249337 5968
170 230.6 827.0921418039885 1961.8374692604655 11558.867 0.571 1211.9170254943422 8041
180 268.2 762.5772244593581 1815.8237163705933 11558.867 0.564 1126.1524384845852 10347
190 369.7 499.70572653502757 1559.9967959249893 11558.867 0.548 1051.3110290122038 13029
200 426 493.3338821596244 1453.9478907944165 11558.867 0.548 929.3879868468254 16726
210 539 335.7510389610375 1082.9358039939762 11558.867 0.548 840.8722865720005 20986
220 746.1 258.0247444042342 1089.2724276175145 11558.867 0.548 737.6495263117985 26376
230 857.6 235.66086042444007 970.6388334408075 11558.867 0.548 631.8930911132779 33837
240 621 340.02034396135195 1055.1738565209932 11558.867 0.548 551.7740801876779 42413
250 267.3 522.865066217732 310.01317326941535 11558.867 0.548 524.7294572321737 48623
260 23.8 15.422163865546215 6.520054565751345 11558.867 0.548 524.6323050725199 51296
270 0 0 0 11558.867 0.548 522.2806146621645 51534
280 0 0 0 11558.867 0.548 522.2806146621645 51534
290 0 0 0 11558.867 0.548 522.2806146621645 51534
292 0 0 0 11558.867 0.548 522.2806146621645 51534
