0 1.6 72.16799999999999 95.59444227634262 247.129 7.028 0 0
10 4.8 59.14066666666667 91.92717824119747 337.221 7.028 72.16799999999999 16
20 8.8 39.047806818181826 70.03296957113353 337.221 7.028 62.397499999999994 64
30 8.8 33.583363636363636 66.35105550766623 337.221 7.028 48.87925657894738 152
40 15.5 105.68936129032262 161.30574680620703 818.119 7.028 43.270762500000004 240
50 19.5 46.99057948717951 91.93799960462538 818.119 6.931 67.76413670886078 395
60 20.7 60.897347826086914 109.17009579959849 818.119 6.931 60.89830000000002 590
70 19.6 64.41211224489798 115.5007049232736 818.119 6.931 60.89805269761606 797
80 29.9 109.1670969899666 166.5763585854826 818.119 6.931 61.591663645518636 993
90 37 197.56172432432444 273.850349251231 1305.263 6.931 72.60176780185759 1292
100 43.3 774.8195011547351 480.0482416634562 2417.166 6.931 100.42077135980749 1662
110 53.2 1416.431206766917 589.511485134758 3416.054 6.931 239.80723914081165 2095
120 59.8 1835.5949515050174 626.0793428302555 3416.054 0.587 478.0881492196423 2627
130 88.3 1812.5829479048712 2477.8596301574858 7256.478 0.585 729.8056896124032 3225
140 128.1 1724.652628415303 2116.868533291814 7256.478 0.577 962.5448130477122 4108
150 184.2 1013.3342877307279 1558.190876169312 7256.478 0.571 1143.7027480051966 5389
160 251.2 705.0718598726116 1554.3504223578457 7256.478 0.569 1110.4931360807639 7231
170 289.1 665.4588388100984 1630.0829980152535 7256.478 0.553 1005.964936775121 9743
180 340 596.9851367647026 1447.2618644996555 7256.478 0.553 928.0479564666772 12634
190 444.8 420.97678080035905 1348.1942124646905 7256.478 0.548 857.8462858301102 16034
200 540.2 388.12324361347555 1199.508864126234 7256.478 0.548 762.9729551801574 20482
210 667.1 264.8659553290343 882.3814030499781 7256.478 0.548 684.7416871426356 25884
220 901.2 214.73024345317353 952.4511367721839 7256.478 0.548 598.7029524804168 32555
230 1089.1 183.76272123771986 813.8638970018402 7256.478 0.548 515.4551344095067 41567
240 856.4 246.05282648295253 843.8467999277747 7256.478 0.548 446.5912419268743 52458
250 476 289.03790714285583 198.71281164457642 7256.478 0.548 418.4471137458618 61022
260 47.6 7.6612962184873945 4.035755072696117 7256.478 0.548 409.0830350703836 65782
270 0 0 0 7256.478 0.548 406.1992059826734 66258
280 0 0 0 7256.478 0.548 406.1992059826734 66258
290 0 0 0 7256.478 0.548 406.1992059826734 66258
292 0 0 0 7256.478 0.548 406.1992059826734 66258
