10 0.2 15886.015500000001 666.3414999999991 16552.357 15219.674 0 0
20 0.9 17917.418555555556 1816.6387175751645 21004.943 15219.674 15886.015500000001 2
30 0.8 17884.273624999998 2247.558666045279 22104.046 15219.674 17548.072545454546 11
40 1.1 18161.219363636363 1817.0511836463486 22104.046 14454.59 17689.63089473684 19
50 1.5 17817.03613333333 1959.1410068576097 22104.046 14454.59 17862.546666666665 30
60 2.8 18340.565142857144 1690.1272686495436 23182.198 14454.59 17847.376488888884 45
70 1.4 17501.364 2508.6803833887884 23182.198 12531.375 18036.544739726025 73
80 2.7 18568.325148148146 1728.8433141874714 23182.198 12531.375 17950.423701149422 87
90 3 18685.356466666668 1843.6580394631885 23182.198 12531.375 18096.76878070175 114
100 3.2 20101.150999999998 1962.503304340498 24455.42 12531.375 18219.391215277774 144
110 3.4 23759.640352941173 2057.8508959265487 29096.05 12531.375 18561.529357954543 176
120 4.7 28166.21036170211 2317.9826878215863 32273.391 12531.375 19403.128280952376 210
130 5 30910.911540000012 3644.848214319625 39227.505 12531.375 21005.715276264582 257
140 8.4 32345.959773809525 6775.6634665572465 42711.998 12531.375 22618.93942345276 307
150 18.1 29294.92554143647 6439.470698346942 43318.232 12531.375 24708.631774936053 391
160 21.6 29006.31610648147 7726.289202640677 48079.938 12531.375 26159.889068181816 572
170 28.1 24173.894836298932 6930.655338282374 55915.993 11994.32 26940.127951776645 788
180 35 23362.588768571437 5701.194525739021 55915.993 11994.32 26212.989031805424 1069
190 36.4 22821.0012554945 5802.348895669837 55915.993 11994.32 25509.930474982386 1419
200 51.4 20730.08380155642 5078.482419312213 55915.993 11994.32 24960.984745372967 1783
210 65.7 21017.65241552511 4469.23710419158 55915.993 11539.13 24014.235470178493 2297
220 71.2 20065.837255617942 4168.6275687667685 55915.993 11539.13 23347.7645605958 2954
230 110.7 19068.167987353198 3460.3715131835174 55915.993 11520.447 22710.358057283134 3666
240 121.8 19298.1333300493 3415.602915962947 55915.993 11520.447 21865.62635658914 4773
250 118.8 19983.103052188537 2878.025556006108 55915.993 11520.447 21343.642296110833 5991
260 18.3 22414.5758852459 2414.1313866721457 55915.993 11520.447 21118.496646050982 7179
270 0 0 0 55915.993 11520.447 21150.713774653625 7362
280 0 0 0 55915.993 11520.447 21150.713774653625 7362
290 0 0 0 55915.993 11520.447 21150.713774653625 7362
292 0 0 0 55915.993 11520.447 21150.713774653625 7362
