0 5.153125 5.153125
10 21.325 26.478125
20 37.46640625 63.94453125
30 39.08515625 103.0296875
40 65.40625 168.4359375
50 90.6875 259.1234375
60 92.24140625 351.36484375
70 87.9515625 439.31640625
80 126.4734375 565.78984375
90 175.25546875 741.0453125
100 197.88203125 938.92734375
110 235.63359375 1174.5609375
120 285.58125 1460.1421875
130 324.4046875 1784.546875
140 426.9546875 2211.5015625
150 628.2171875 2839.71875
160 756.31796875 3596.03671875
170 776.2375 4372.27421875
180 846.25625 5218.53046875
190 987.67578125 6206.20625
200 1124.5578125 7330.7640625
210 1359.521875 8690.2859375
220 1627.3984375 10317.684375
230 1881.38046875 12199.06484375
240 1629.97265625 13829.0375
250 1903.459375 15732.496875
260 283.53046875 16016.02734375
270 0 16016.02734375
280 0 16016.02734375
290 0 16016.02734375
292 0 16016.02734375
