0 36.50625 36.50625
10 90.58515625 127.09140625
20 126.959375 254.05078125
30 130.17265625 384.2234375
40 302.74765625 686.97109375
50 291.6078125 978.57890625
60 311.225 1289.80390625
70 300.57890625 1590.3828125
80 496.73359375 2087.11640625
90 566.10390625 2653.2203125
100 750.7421875 3403.9625
110 910.353125 4314.315625
120 829.51328125 5143.82890625
130 618.03984375 5761.86875
140 1103.26796875 6865.13671875
150 1115.4484375 7980.58515625
160 1106.95 9087.53515625
170 1216.85 10304.38515625
180 1422.84609375 11727.23125
190 1586.053125 13313.284375
200 1898.72890625 15212.01328125
210 2208.11484375 17420.128125
220 2820.9109375 20241.0390625
230 3228.85078125 23469.88984375
240 2957.21875 26427.10859375
250 2774.7109375 29201.81953125
260 279.0515625 29480.87109375
270 0 29480.87109375
280 0 29480.87109375
290 0 29480.87109375
292 0 29480.87109375
