0 3.8 38
10 4.4 82
20 6.8 150
30 9.4 244
40 10.5 349
50 5.7 406
60 20.2 608
70 20.7 815
80 19.1 1006
90 30.7 1313
100 41.6 1729
110 38.5 2114
120 71.6 2830
130 75.4 3584
140 72.3 4307
150 136.8 5675
160 153.4 7209
170 170.3 8912
180 259.2 11504
190 303.1 14535
200 313.4 17669
210 523.1 22900
220 625 29150
230 591.3 35063
240 985.3 44916
250 1202.1 56937
260 1212.8 69065
270 1359.8 82663
280 1419.1 96854
290 1418.9 111043
300 687.8 117921
310 0 117921
320 0 117921
330 0 117921
340 0 117921
350 0 117921
352 0 117921
