0 0.8 2.7017499999999997 4.066457633801193 13.46 1.109 0 0
10 1 1.2375999999999998 0.20960209922612894 13.46 1.063 2.7017499999999997 8
20 1.2 1.2845 0.23640590094157976 13.46 1.063 1.888333333333333 18
30 2.1 1.2014285714285713 0.12348069886908353 13.46 1.027 1.6467999999999998 30
40 2 1.2850000000000004 0.3204579535602136 13.46 1.027 1.4634117647058822 51
50 1.1 1.2215454545454547 0.14084960621261225 13.46 1.027 1.4131549295774646 71
60 4.4 1.3573409090909092 1.0839152085082748 13.46 1.026 1.3874512195121949 82
70 4.1 1.1786585365853663 0.13954606019136329 13.46 0.993 1.3769365079365077 126
80 3.7 1.2451891891891895 0.12353199341320396 13.46 0.993 1.32825748502994 167
90 6.3 1.1834126984126982 0.23417546229342134 13.46 0.91 1.3131911764705884 204
100 8.7 1.3425057471264368 0.7151791974391656 13.46 0.91 1.2825692883895132 267
110 7.4 1.2990135135135132 0.4664486731487719 13.46 0.91 1.2972994350282487 354
120 15 1.261699999999999 0.7305560964087562 13.46 0.91 1.2975957943925234 428
130 14.8 1.2477094594594593 0.4581159603787691 13.46 0.91 1.2882802768166088 578
140 15.3 1.2237712418300646 0.21508765493092943 13.46 0.91 1.280009641873278 726
150 28.7 1.2754529616724737 0.6108904767768637 13.46 0.91 1.2702207053469847 879
160 30.7 1.217179153094462 0.4702062446730967 13.46 0.904 1.2715085763293308 1166
170 33.1 1.2871722054380659 0.6812004358405799 13.46 0.904 1.2601853360488797 1473
180 54.9 1.1995154826958074 0.6401850442848865 13.46 0.843 1.2651369179600886 1804
190 60.3 1.2438656716417908 0.7707115621115824 13.46 0.843 1.2498261793455157 2353
200 63.2 1.2673892405063296 0.7135728146327943 13.46 0.776 1.2486102841677937 2956
210 108.7 1.1770533578656843 0.6884967404732997 16.609 0.72 1.2519180602006685 3588
220 126.8 1.1738911671924264 0.6285310781744442 16.609 0.718 1.2345110160427804 4675
230 117 1.1775025641025614 0.7018084858764015 16.609 0.718 1.2215771495877494 5943
240 207.8 1.0996732435033678 0.577398904788852 16.609 0.715 1.2143274286517631 7113
250 239.2 1.1666714046822728 0.5424236224320201 16.609 0.706 1.1884051789794354 9191
260 244.7 1.1848823048630934 0.5658145395955598 16.609 0.706 1.1839169472502795 11583
270 776 1.214273324742265 0.5816040017532894 16.609 0.705 1.184085317177475 14030
280 1104.5 1.279919239474884 0.6199258731342189 16.609 0.686 1.1948360715924713 21790
290 1065.8 1.2251571589416346 0.5075738726843839 16.609 0.674 1.2234562509517297 32835
300 307 1.313805863192183 1.4139396831044382 26.631 0.671 1.2238730600326486 43493
310 0 0 0 26.631 0.671 1.229802525610463 46563
320 0 0 0 26.631 0.671 1.229802525610463 46563
330 0 0 0 26.631 0.671 1.229802525610463 46563
340 0 0 0 26.631 0.671 1.229802525610463 46563
350 0 0 0 26.631 0.671 1.229802525610463 46563
352 0 0 0 26.631 0.671 1.229802525610463 46563
