0 0.1 10.752520528011642 0 10.752520528011642 10.752520528011642 0 0
10 0.1 0.39980009995002497 0.0 10.752520528011642 0.39980009995002497 10.752520528011642 1
20 0.1 0.7492507492507493 0.0 10.752520528011642 0.39980009995002497 5.576160313980833 2
30 0.1 0.25 0.0 10.752520528011642 0.25 3.967190459070805 3
40 0.1 0.5494505494505495 0.0 10.752520528011642 0.25 3.0378928443031037 4
50 0.1 0.49975012493753124 0.0 10.752520528011642 0.25 2.5402043853325926 5
60 0.1 0.2502502502502503 0.0 10.752520528011642 0.25 2.200128675266749 6
70 0.1 0.9485771342985523 0.0 10.752520528011642 0.25 1.9215746145501065 7
80 0.1 0.75 0.0 10.752520528011642 0.25 1.7999499295186623 8
90 0.1 0.7992007992007992 0.0 10.752520528011642 0.25 1.6832888262388108 9
100 0.1 1.3486513486513485 0.0 10.752520528011642 0.25 1.5948800235350098 10
110 0.1 1.6450648055832504 0.0 10.752520528011642 0.25 1.5724955985455862 11
120 0.1 1.6450648055832504 0.0 10.752520528011642 0.25 1.5785430324653913 12
130 0.1 2.9193468579910937 0.0 10.752520528011642 0.25 1.5836600919359958 13
140 0.1 2.690582959641256 0.0 10.752520528011642 0.25 1.67906628951136 14
150 0.1 3.1746031746031744 0.0 10.752520528011642 0.25 1.7465007341866863 15
160 0.1 4.702351175587794 0.0 10.752520528011642 0.25 1.8357571367127168 16
170 0.1 5.544455544455545 0.0 10.752520528011642 0.25 2.0043803154700743 17
180 0.1 6.246901338621715 0.0 10.752520528011642 0.25 2.2010511615248225 18
190 0.1 10.406342913776017 0.0 10.752520528011642 0.25 2.413990644529922 19
200 0.1 11.005502751375689 0.0 11.005502751375689 0.25 2.8136082579922266 20
210 0.1 11.517548195748887 0.0 11.517548195748887 0.25 3.2036984719628676 21
220 0.1 20.078740157480315 0.0 20.078740157480315 0.25 3.581600732134959 22
230 0.1 22.271604938271604 0.0 22.271604938271604 0.25 4.298867663671714 23
240 0.1 20.67094227923039 0.0 22.271604938271604 0.25 5.047731716780043 24
250 0.1 36.30573248407643 0.0 36.30573248407643 0.25 5.672660139278057 25
260 0.1 38.72970391595034 0.0 38.72970391595034 0.25 6.85085522946261 26
270 0.1 38.74219875180029 0.0 38.74219875180029 0.25 8.031553328962154 27
280 0.1 63.06436119116234 0.0 63.06436119116234 0.25 9.128362094063515 28
290 0.1 68.26923076923077 0.0 68.26923076923077 0.25 10.988224131894508 29
300 0.1 67.8048780487805 0.0 68.26923076923077 0.25 12.897591019805718 30
310 0.1 15.75 0.0 68.26923076923077 0.25 14.668793827192001 31
320 0.1 0.15 0.0 68.26923076923077 0.15 14.70258152009225 32
330 0.1 0.05002501250625312 0.0 68.26923076923077 0.05002501250625312 14.261594201301575 33
340 0.1 0.0 0.0 68.26923076923077 0.0 13.84360687221936 34
350 0.1 0.14992503748125938 0.0 68.26923076923077 0.0 13.448075247298807 35
352 0.1 0.05002501250625312 0.0 68.26923076923077 0.0 13.078682185914985 36
