0 0.1 675.1953125 0 675.1953125 675.1953125 0 0
10 0.1 674.5234375 0.0 675.1953125 674.5234375 675.1953125 1
20 0.1 672.37890625 0.0 675.1953125 672.37890625 674.859375 2
30 0.1 671.18359375 0.0 675.1953125 671.18359375 674.0325520833334 3
40 0.1 670.7890625 0.0 675.1953125 670.7890625 673.3203125 4
50 0.1 671.15625 0.0 675.1953125 670.7890625 672.8140625 5
60 0.1 671.3515625 0.0 675.1953125 670.7890625 672.5377604166666 6
70 0.1 667.26171875 0.0 675.1953125 667.26171875 672.3683035714286 7
80 0.1 669.578125 0.0 675.1953125 667.26171875 671.72998046875 8
90 0.1 668.72265625 0.0 675.1953125 667.26171875 671.4908854166666 9
100 0.1 668.203125 0.0 675.1953125 667.26171875 671.2140625 10
110 0.1 667.05078125 0.0 675.1953125 667.05078125 670.9403409090909 11
120 0.1 667.94140625 0.0 675.1953125 667.05078125 670.6162109375 12
130 0.1 665.37109375 0.0 675.1953125 665.37109375 670.4104567307693 13
140 0.1 664.4921875 0.0 675.1953125 664.4921875 670.0505022321429 14
150 0.1 663.1640625 0.0 675.1953125 663.1640625 669.6799479166667 15
160 0.1 646.7578125 0.0 675.1953125 646.7578125 669.272705078125 16
170 0.1 641.33984375 0.0 675.1953125 641.33984375 667.9482996323529 17
180 0.1 642.66796875 0.0 675.1953125 641.33984375 666.4700520833334 18
190 0.1 634.8671875 0.0 675.1953125 634.8671875 665.2173108552631 19
200 0.1 634.36328125 0.0 675.1953125 634.36328125 663.6998046875 20
210 0.1 618.76953125 0.0 675.1953125 618.76953125 662.3028273809524 21
220 0.1 605.51171875 0.0 675.1953125 605.51171875 660.3240411931819 22
230 0.1 595.1875 0.0 675.1953125 595.1875 657.9408967391305 23
240 0.1 598.62890625 0.0 675.1953125 595.1875 655.3261718750001 24
250 0.1 542.65625 0.0 675.1953125 542.65625 653.0582812500002 25
260 0.1 538.265625 0.0 675.1953125 538.265625 648.8120492788463 26
270 0.1 537.25390625 0.0 675.1953125 537.25390625 644.7177372685187 27
280 0.1 312.30859375 0.0 675.1953125 312.30859375 640.8797433035716 28
290 0.1 316.23046875 0.0 675.1953125 312.30859375 629.5497036637933 29
300 0.1 325.57421875 0.0 675.1953125 312.30859375 619.1057291666668 30
310 0.1 500.1484375 0.0 675.1953125 312.30859375 609.6369707661291 31
320 0.1 511.88671875 0.0 675.1953125 312.30859375 606.2154541015626 32
330 0.1 512.1328125 0.0 675.1953125 312.30859375 603.3570075757577 33
340 0.1 512.54296875 0.0 675.1953125 312.30859375 600.673943014706 34
350 0.1 520.74609375 0.0 675.1953125 312.30859375 598.1559151785715 35
352 0.1 521.29296875 0.0 675.1953125 312.30859375 596.0056423611112 36
