0 0.1 0.05859375 0 0.05859375 0.05859375 0 0
10 0.1 0.05078125 0.0 0.05859375 0.05078125 0.05859375 1
20 0.1 0.0390625 0.0 0.05859375 0.0390625 0.0546875 2
30 0.1 0.0390625 0.0 0.05859375 0.0390625 0.049479166666666664 3
40 0.1 0.03125 0.0 0.05859375 0.03125 0.046875 4
50 0.1 0.03125 0.0 0.05859375 0.03125 0.04375 5
60 0.1 0.01953125 0.0 0.05859375 0.01953125 0.041666666666666664 6
70 0.1 0.01953125 0.0 0.05859375 0.01953125 0.03850446428571429 7
80 0.1 0.01171875 0.0 0.05859375 0.01171875 0.0361328125 8
90 0.1 0.01171875 0.0 0.05859375 0.01171875 0.03342013888888889 9
100 0.1 0.01171875 0.0 0.05859375 0.01171875 0.03125 10
110 0.1 0.01171875 0.0 0.05859375 0.01171875 0.02947443181818182 11
120 0.1 0.01171875 0.0 0.05859375 0.01171875 0.027994791666666668 12
130 0.1 0.0 0.0 0.05859375 0.0 0.02674278846153846 13
140 0.1 0.0 0.0 0.05859375 0.0 0.024832589285714284 14
150 0.1 0.0 0.0 0.05859375 0.0 0.023177083333333334 15
160 0.1 0.0 0.0 0.05859375 0.0 0.021728515625 16
170 0.1 0.0703125 0.0 0.0703125 0.0 0.020450367647058824 17
180 0.1 0.140625 0.0 0.140625 0.0 0.023220486111111112 18
190 0.1 0.12109375 0.0 0.140625 0.0 0.02939967105263158 19
200 0.1 0.1015625 0.0 0.140625 0.0 0.033984375 20
210 0.1 0.23828125 0.0 0.23828125 0.0 0.03720238095238095 21
220 0.1 0.28125 0.0 0.28125 0.0 0.046342329545454544 22
230 0.1 0.390625 0.0 0.390625 0.0 0.05655570652173913 23
240 0.1 0.48828125 0.0 0.48828125 0.0 0.07047526041666667 24
250 0.1 0.48828125 0.0 0.48828125 0.0 0.0871875 25
260 0.1 0.5703125 0.0 0.5703125 0.0 0.1026141826923077 26
270 0.1 0.62890625 0.0 0.62890625 0.0 0.11993634259259259 27
280 0.1 0.6796875 0.0 0.6796875 0.0 0.13811383928571427 28
290 0.1 0.80859375 0.0 0.80859375 0.0 0.1567887931034483 29
300 0.1 0.921875 0.0 0.921875 0.0 0.178515625 30
310 0.1 0.8515625 0.0 0.921875 0.0 0.20249495967741934 31
320 0.1 0.71875 0.0 0.921875 0.0 0.2227783203125 32
330 0.1 0.609375 0.0 0.921875 0.0 0.23780776515151514 33
340 0.1 0.51171875 0.0 0.921875 0.0 0.24873621323529413 34
350 0.1 0.4296875 0.0 0.921875 0.0 0.25625 35
352 0.1 0.37109375 0.0 0.921875 0.0 0.2610677083333333 36
