0 1.5 93.00406666666667 62.91007960093165 224.531 30.833 0 0
10 1.7 50.95847058823529 25.586340131170743 224.531 27.751 93.00406666666667 15
20 2.8 36.432785714285714 9.467222787661886 224.531 25.767 70.66734375 32
30 3.6 37.192249999999994 8.686541535856872 224.531 21.48 54.69121666666667 60
40 4.3 40.66251162790698 10.48116274699208 224.531 21.48 48.12910416666667 96
50 2.3 35.2797391304348 5.766433968628774 224.531 21.48 45.81929496402878 139
60 7.9 32.831772151898754 7.3136017135221865 224.531 20.394 44.32293827160494 162
70 8.3 31.145216867469884 7.15244614664657 224.531 18.259 40.55612448132781 241
80 7.7 30.182493506493504 6.379071225852812 224.531 18.259 38.14530555555556 324
90 12.2 30.793934426229516 7.499906841757727 224.531 18.259 36.6162867830424 401
100 16.4 31.45505487804879 6.880600307273474 224.531 18.144 35.25810898661568 523
110 15.6 30.02078846153846 5.139179955548149 224.531 18.144 34.35024745269287 687
120 28.3 29.867939929328625 6.390659059002105 224.531 18.144 33.549066429418744 843
130 30.3 29.418488448844894 5.72687153484337 224.531 18.144 32.62388099467141 1126
140 28.5 29.55479298245614 5.583611689354357 224.531 18.144 31.94422113365991 1429
150 54 30.679146296296267 6.769980219545834 224.531 18.097 31.546912485414243 1714
160 61.4 29.216817589576536 6.201690012858301 224.531 18.046 31.339018189884648 2254
170 68.6 28.667142857142853 6.029475050036177 224.531 18.046 30.88468375174337 2868
180 102.2 30.620483365949102 6.991709840822596 224.531 18.046 30.456649690489588 3554
190 121.3 29.058052761747724 6.301562190971409 224.531 18.046 30.49324016608391 4576
200 125.2 28.531353035143717 6.383815339646161 224.531 17.615 30.192517705994124 5789
210 207 32.56339516908205 9.577301751889209 224.531 17.615 29.897136628319828 7041
220 249.1 32.69391850662392 8.365048903548276 224.531 17.615 30.50290495006034 9111
230 237.2 30.760507166947722 7.1449519989866905 224.531 17.615 30.97332511635925 11602
240 388.7 46.944266529457074 16.00000811311439 224.531 17.615 30.937200586804064 13974
250 481.3 52.90448909204227 20.867850570485118 267.572 17.615 34.42073820054866 17861
260 484.1 51.84455980169369 17.16407564314264 267.572 17.615 38.34427586663134 22674
270 761.7 556.1276520939963 431.54603989475953 1646.628 1.344 40.719521170270696 27515
280 1018.4 631.4887051256864 420.1176378815674 1673.365 1.331 152.46561399863282 35132
290 1023.4 627.62679890561 413.70343209941814 1696.197 1.331 260.117903698472 45316
300 403.2 649.7950178571407 433.74098641481845 1712.83 1.331 327.8242229342929 55550
310 0 0 0 1712.83 1.331 349.61245168003694 59582
320 0 0 0 1712.83 1.331 349.61245168003694 59582
330 0 0 0 1712.83 1.331 349.61245168003694 59582
340 0 0 0 1712.83 1.331 349.61245168003694 59582
350 0 0 0 1712.83 1.331 349.61245168003694 59582
352 0 0 0 1712.83 1.331 349.61245168003694 59582
