0 3.8 36.65413157894738 25.97145228917711 90.257 7.791 0 0
10 4.4 19.63002272727273 17.647556081751784 95.66 7.791 36.65413157894738 38
20 6.8 14.944205882352945 4.942928994619258 95.66 6.49 27.51924390243903 82
30 9.3 14.340322580645159 4.948888475532012 95.66 6.49 21.818560000000005 150
40 10.6 16.44102830188678 6.172506870408224 95.66 6.49 18.956518518518518 243
50 5.7 14.179736842105259 4.3124071534426935 95.66 6.49 18.192501432664752 349
60 20.2 12.783980198019808 4.495166966755943 95.66 6.322 17.629133004926103 406
70 20.7 12.431545893719811 4.535182303732343 95.66 5.752 16.019394736842106 608
80 19.1 12.10537172774869 3.7834574942120844 95.66 5.631 15.108125153374232 815
90 30.7 12.176234527687297 4.4514084690890305 95.66 5.631 14.538019880715705 1006
100 41.6 12.396850961538483 4.330817228562134 95.66 5.631 13.985797410510282 1313
110 38.5 12.051493506493513 3.1687415152103475 95.66 5.631 13.603494505494512 1729
120 71.6 11.764455307262565 3.76147483845008 95.66 5.631 13.320845316934728 2114
130 75.4 11.756822281167102 3.673042962227406 95.66 5.631 12.92707314487633 2830
140 72.3 11.586147994467506 3.6643845033797158 95.66 5.572 12.680876395089287 3584
150 136.8 12.06476096491227 4.337703769488973 95.66 5.527 12.49710842814024 4307
160 153.4 11.644422425032591 3.832676966087942 95.66 5.457 12.392887929515418 5675
170 170.3 11.489053435114489 3.934908951839969 95.66 5.457 12.233622277708418 7209
180 259.2 12.028617283950606 4.760310539636608 95.66 5.457 12.091342122980247 8912
190 303.1 11.57952820851205 4.3965086191264175 95.66 5.457 12.077209405424195 11504
200 313.4 11.34938544990424 4.494231506591106 95.66 5.457 11.97342738218094 14535
210 523.1 12.849881284649195 6.671581375072406 95.66 5.457 11.86273931744863 17669
220 625 12.98312495999999 6.295463816805329 95.66 5.457 12.088230131004359 22900
230 591.3 12.29870759343814 5.726121232438469 95.66 5.457 12.280102950257282 29150
240 985.3 18.471806860854443 11.925409503977546 121.332 5.457 12.283240424378961 35063
250 1202.1 21.135601946593425 14.844207420784638 222.84 5.457 13.640795529432683 44916
260 1212.8 20.62988580145114 13.444550851927419 222.84 5.457 15.223159685266136 56937
270 1993 219.48042764676393 214.76588722874763 800.196 0.066 16.172595352204407 69065
280 2544.7 252.33832817227972 227.68627295114172 800.196 0.058 61.70240149446601 88995
290 2552.3 251.0725366923953 227.67730017686418 800.196 0.048 104.09166790164453 114442
300 899 275.9520337041161 213.7528186046676 800.196 0.048 130.89403073625556 139965
310 0 0 0 800.196 0.048 139.64883216407648 148955
320 0 0 0 800.196 0.048 139.64883216407648 148955
330 0 0 0 800.196 0.048 139.64883216407648 148955
340 0 0 0 800.196 0.048 139.64883216407648 148955
350 0 0 0 800.196 0.048 139.64883216407648 148955
352 0 0 0 800.196 0.048 139.64883216407648 148955
