0 0.7 1923.603142857143 546.1284947431403 2795.432 1330.354 0 0
10 0.7 1944.9275714285716 483.68619255252594 2938.356 1330.354 1923.603142857143 7
20 1.6 2148.9617499999995 605.6618298449948 2982.664 1142.528 1934.2653571428575 14
30 1.6 2248.7348125000003 602.3582090705269 3044.391 1142.528 2048.7700999999997 30
40 2.3 2062.0890434782605 574.4040168591744 3044.391 1142.017 2118.3230434782604 46
50 1.1 2092.2384545454547 691.585111205787 3060.241 1142.017 2099.578376811594 69
60 3.8 2151.690631578947 625.2672954810868 3060.241 1097.122 2098.5691374999997 80
70 3.9 2015.3736410256406 620.7487739503774 3060.241 1084.035 2115.676059322034 118
80 4.1 1884.766707317073 561.728709341138 3060.241 1070.407 2090.760171974522 157
90 6.1 1948.2012459016396 542.2385970645635 3060.241 1070.407 2048.1049595959594 198
100 7.6 1970.7787763157899 544.9051520308154 3060.241 1070.407 2024.5755135135134 259
110 8.3 2074.4392891566267 575.6306418311384 3060.241 1061.06 2012.370880597015 335
120 13.5 2011.9042000000004 581.2710903793998 3060.241 1060.946 2024.6954688995215 418
130 15.2 2063.6707236842108 565.8374024412286 3060.241 1060.946 2021.5728264014467 553
140 13.7 2015.0961386861309 569.3829594929382 3060.241 1060.946 2030.6492524822695 705
150 24.8 1993.7566209677418 570.8806313492651 3060.241 1060.946 2028.118638954869 842
160 30.9 2026.8366893203884 592.728729565772 3060.241 1054.803 2020.3004917431192 1090
170 35.4 2078.960211864411 578.8207252977833 3060.241 1054.803 2021.7441551107934 1399
180 47.7 2045.6653710691821 569.3208070304598 3089.099 1054.803 2033.2983388476905 1753
190 61.2 2091.679679738559 573.3033787430364 3089.099 1054.803 2035.9436636771304 2230
200 62.1 2013.7411159420283 588.0580227275383 3089.099 1054.803 2047.9459303307526 2842
210 97.7 2020.3041791197531 575.6641538592112 3093.923 1054.803 2041.8121764366151 3463
220 122.6 2052.937163132134 581.8519117380524 3093.923 1054.803 2037.0794481981973 4440
230 120.2 2071.1524850249552 567.7033697222389 3093.923 1054.803 2040.510715142957 5666
240 193.6 2072.9202794421494 572.8637112283207 3123.611 1054.803 2045.8734710250424 6868
250 240 2108.1749787500007 584.3058247850565 3227.072 1054.803 2051.821065424806 8804
260 240.6 2094.3974231088905 577.408134630056 3227.072 1054.803 2063.892592734737 11204
270 351.7 3012.5245265851604 840.0125390571726 5393.791 1019.082 2069.285290889051 13610
280 507.4 3260.4530315333027 813.7521796640391 5569.26 1019.082 2262.9778460325797 17127
290 511.8 3258.097952911294 807.2572580033843 5569.26 1019.082 2490.949067654609 22201
300 247.2 3421.16853883495 744.034887738244 5569.26 1019.082 2634.6683836890065 27319
310 0 0 0 5569.26 1019.082 2699.9306569769383 29791
320 0 0 0 5569.26 1019.082 2699.9306569769383 29791
330 0 0 0 5569.26 1019.082 2699.9306569769383 29791
340 0 0 0 5569.26 1019.082 2699.9306569769383 29791
350 0 0 0 5569.26 1019.082 2699.9306569769383 29791
352 0 0 0 5569.26 1019.082 2699.9306569769383 29791
