0 131.7671875 131.7671875
10 149.6109375 281.378125
20 242.38046875 523.75859375
30 317.6671875 841.42578125
40 373.91484375 1215.340625
50 200.09765625 1415.43828125
60 694.26875 2109.70703125
70 723.621875 2833.32890625
80 671.25703125 3504.5859375
90 1067.12421875 4571.71015625
100 1443.5078125 6015.21796875
110 1349.65546875 7364.8734375
120 2477.15234375 9842.02578125
130 2640.84609375 12482.871875
140 2497.45 14980.321875
150 4736.584375 19716.90625
160 5353.11328125 25070.01953125
170 5973.7359375 31043.75546875
180 8954.90234375 39998.6578125
190 10584.94453125 50583.60234375
200 10921.9390625 61505.54140625
210 18136.8578125 79642.39921875
220 21761.9234375 101404.32265625
230 20676.0015625 122080.32421875
240 34070.45234375 156150.7765625
250 42010.51171875 198161.28828125
260 42234.9890625 240396.27734375
270 48519.74609375 288916.0234375
280 52040.36328125 340956.38671875
290 52338.63828125 393295.025
300 25778.12578125 419073.15078125
310 0 419073.15078125
320 0 419073.15078125
330 0 419073.15078125
340 0 419073.15078125
350 0 419073.15078125
352 0 419073.15078125
