0 11.94140625 11.94140625
10 13.60546875 25.546875
20 22.1453125 47.6921875
30 29.26328125 76.95546875
40 33.74140625 110.696875
50 18.27890625 128.97578125
60 63.2828125 192.25859375
70 66.12734375 258.3859375
80 61.12890625 319.51484375
90 97.3015625 416.81640625
100 131.7125 548.52890625
110 123.1109375 671.63984375
120 226.3328125 897.97265625
130 240.75078125 1138.7234375
140 227.64921875 1366.37265625
150 432.53359375 1798.90625
160 488.625 2287.53125
170 544.36875 2831.9
180 816.6046875 3648.5046875
190 966.22265625 4614.72734375
200 998.78828125 5613.515625
210 1652.421875 7265.9375
220 1985.6140625 9251.5515625
230 1888.80390625 11140.35546875
240 3107.29609375 14247.6515625
250 3834.67734375 18082.32890625
260 3858.428125 21940.75703125
270 5669.93515625 27610.6921875
280 6715.67109375 34326.36328125
290 6743.996875 41070.36015625
300 2561.5890625 43631.94921875
310 0 43631.94921875
320 0 43631.94921875
330 0 43631.94921875
340 0 43631.94921875
350 0 43631.94921875
352 0 43631.94921875
