0 0.1 15.650440976933513 0 15.650440976933513 15.650440976933513 0 0
10 0.1 0.15030060120240482 0.0 15.650440976933513 0.15030060120240482 15.650440976933513 1
20 0.1 0.20020020020020018 0.0 15.650440976933513 0.15030060120240482 7.900370789067959 2
30 0.1 0.4995004995004995 0.0 15.650440976933513 0.15030060120240482 5.333647259445374 3
40 0.1 0.25 0.0 15.650440976933513 0.15030060120240482 4.125110569459155 4
50 0.1 0.750375187593797 0.0 15.650440976933513 0.15030060120240482 3.350088455567324 5
60 0.1 0.5505505505505506 0.0 15.650440976933513 0.15030060120240482 2.9168029109050693 6
70 0.1 1.0473815461346634 0.0 15.650440976933513 0.15030060120240482 2.578766859425852 7
80 0.1 0.9004502251125562 0.0 15.650440976933513 0.15030060120240482 2.3873436952644536 8
90 0.1 1.3439522150323544 0.0 15.650440976933513 0.15030060120240482 2.222133309692021 9
100 0.1 1.0494752623688157 0.0 15.650440976933513 0.15030060120240482 2.134315200226054 10
110 0.1 2.5883524141363865 0.0 15.650440976933513 0.15030060120240482 2.0356933876935774 11
120 0.1 2.78468423669816 0.0 15.650440976933513 0.15030060120240482 2.0817483065638114 12
130 0.1 3.1358885017421603 0.0 15.650440976933513 0.15030060120240482 2.1358203011895305 13
140 0.1 4.129353233830846 0.0 15.650440976933513 0.15030060120240482 2.2072537440861466 14
150 0.1 3.4413965087281797 0.0 15.650440976933513 0.15030060120240482 2.3353937100691264 15
160 0.1 5.124378109452736 0.0 15.650440976933513 0.15030060120240482 2.4045188849853174 16
170 0.1 6.5638985579313776 0.0 15.650440976933513 0.15030060120240482 2.564510604071636 17
180 0.1 9.077454366058214 0.0 15.650440976933513 0.15030060120240482 2.786698823730511 18
190 0.1 11.485148514851486 0.0 15.650440976933513 0.15030060120240482 3.1177912206951266 19
200 0.1 14.057826520438685 0.0 15.650440976933513 0.15030060120240482 3.5361590854029443 20
210 0.1 13.509471585244267 0.0 15.650440976933513 0.15030060120240482 4.037190868023694 21
220 0.1 19.377510040160644 0.0 19.377510040160644 0.15030060120240482 4.467749082442811 22
230 0.1 27.61998041136141 0.0 27.61998041136141 0.15030060120240482 5.115999558865326 23
240 0.1 28.38836865450961 0.0 28.38836865450961 0.15030060120240482 6.05366542771933 24
247 0.1 14.585414585414586 0.0 28.38836865450961 0.15030060120240482 6.947053556790941 25
