0 1.8 113.82572222222221 104.93240044683029 280.672 6.67 0 0
10 4.2 87.4087142857143 102.58091992278135 280.672 6.334 113.82572222222221 18
20 5.4 73.16414814814819 92.73611283445476 280.672 6.18 95.33381666666668 60
30 2.4 102.38162500000003 112.63233082830928 280.672 6.18 84.83239473684212 114
40 8.6 82.02726744186059 99.61762676895913 280.672 5.995 87.88443478260872 138
50 10.2 80.59323529411762 98.51142256175531 280.672 4.792 85.6357008928572 224
60 9.9 83.66210101010098 101.41247685102906 280.672 4.792 84.05799693251535 326
70 14.2 86.61639436619717 103.6726742335987 285.64 4.792 83.96577647058824 425
80 17.4 81.82220689655172 100.5603192852444 285.64 4.792 84.62959964726632 567
90 21.8 118.19220183486244 128.23863618558593 643.554 4.792 83.97037381916329 741
100 36.3 205.90244352617083 248.5929136348619 1457.298 4.792 91.74968404588112 959
110 32.6 104.10541104294477 126.24202181685673 1457.298 4.792 123.09420121028745 1322
120 35.7 451.39498039215687 531.0887413570657 3006.717 4.792 119.33792354368933 1648
130 45.6 1733.4146535087723 1193.929502009336 5670.488 4.792 178.46229725685785 2005
140 45 3160.2656244444433 1936.364015147838 8682.094 4.792 466.5802470540431 2461
150 66.1 2813.6574841149754 2484.0124995329884 8835.019 0.277 882.9864373067672 2911
160 119 2132.021663025208 3182.4689178972467 14231.558 0.269 1240.2578712206043 3572
170 136.9 1981.5911146822523 2838.0027030526867 14231.558 0.254 1463.1051858462822 4762
180 200.7 1242.8267080219243 2275.3753658361557 14231.558 0.254 1578.8786708530417 6131
190 270.2 1048.2770488527015 2100.250466080908 14231.558 0.254 1496.0012698451708 8138
200 258.9 920.565359212052 1701.5837117128406 14231.558 0.254 1384.4006383763838 10840
210 372.1 686.07591883902 1516.426554702483 14231.558 0.254 1294.9770373817857 13429
220 491.7 552.5113396379926 1312.4729487453785 14231.558 0.254 1162.8650220991249 17150
230 504.6 499.87487039238766 1172.0222738039622 14231.558 0.252 1026.8651554810351 22067
240 268.6 970.0602736411003 1436.7649016553057 14231.558 0.252 928.7870018810163 27113
247 10.5 28.916628571428575 6.836040242375271 14231.558 0.252 932.507261216819 29799
