0 3.2 63.97028124999998 94.15811846444599 280.672 5.475 0 0
10 8.5 43.12863529411767 83.34210614256608 280.672 4.291 63.97028124999998 32
20 13.1 30.08471755725192 68.53452368549802 280.672 4.291 48.82891452991454 117
30 4 61.37087500000001 100.24825674025148 280.672 4.163 38.92774596774194 248
40 18.4 38.27625543478263 78.62341445968168 280.672 4.163 42.04484722222223 288
50 23 35.68018260869567 75.58392562012946 280.672 4.136 40.57573516949154 472
60 21.1 39.1926587677726 80.18847208699384 280.672 4.136 38.971779202279215 702
70 31 39.613980645161284 80.77883181186733 280.672 4.136 39.022825848849976 913
80 40.1 35.438162094763065 76.20909407107084 280.672 4.136 39.17266884709733 1223
90 42.7 60.2805199063232 103.39187876435412 617.114 4.081 38.25054002463055 1624
100 79.3 94.2072976040352 161.7356253505255 1086.213 3.892 42.83698634812287 2051
110 76.7 44.15627118644068 89.69126190981311 1086.213 3.892 57.16070534458506 2844
120 68.3 266.96013469985337 313.5400419137174 1431.822 3.892 54.39847853780113 3611
130 98.6 909.7015841784992 482.24173633341115 2252.866 3.892 88.20835537959938 4294
140 95.6 1651.9762144351444 514.8260576476872 3370.706 3.892 241.61599242424242 5280
150 130.7 1496.2354667176712 1005.257806292975 3733.987 0.268 457.82900914047434 6236
160 248.3 1061.5686198147414 1648.954027850268 5362.846 0.261 637.7570536921642 7543
170 312.1 829.9528894585088 1143.5454999570854 5362.846 0.254 742.7165708158785 10026
180 405.4 592.1643739516531 1134.8265595345986 5362.846 0.254 763.4258239142013 13147
190 617.2 448.6112362281277 1041.094367867545 5362.846 0.249 723.0622451601654 17201
200 575.3 428.20952981053273 899.3924641693483 5362.846 0.249 650.589236683353 23373
210 766.2 315.8673183241961 796.7617517895785 5362.846 0.247 606.6645489940261 29126
220 1104.8 248.37241917088946 762.5975964191957 5362.846 0.247 546.098919403066 36788
230 1133.2 222.9450393575712 663.9820548233699 5362.846 0.247 477.3372676227105 47836
240 770.7 314.478106267031 658.7534779746966 5362.846 0.247 428.61544618712776 59168
247 40.9 7.28508557457213 3.390349672197169 5362.846 0.247 415.4617044485979 66875
