0 0.7 5.202714285714285 9.822183183477893 29.262 1.169 0 0
10 1.1 1.3196363636363637 0.2931013702170983 29.262 1.131 5.202714285714285 7
20 0.8 1.185375 0.09119201925059009 29.262 1.108 2.8297222222222222 18
30 0.8 1.143 0.03542245050811696 29.262 1.098 2.323769230769231 26
40 2.6 1.1585384615384613 0.11276429834947102 29.262 0.966 2.0459411764705884 34
50 2.4 1.331666666666667 0.45975062684991397 29.262 0.966 1.6614 60
60 3.4 1.4237647058823526 1.2079014144331564 29.262 0.966 1.5671904761904762 84
70 4.6 1.236086956521739 0.22949905996652767 29.262 0.96 1.525864406779661 118
80 3 1.2776666666666665 0.3278650467629767 29.262 0.96 1.4445853658536585 164
90 5.1 1.2554901960784308 0.15427431292789257 29.262 0.96 1.4187731958762884 194
100 8.6 1.2237441860465104 0.3359303355953056 29.262 0.908 1.3847836734693875 245
110 7.5 1.2108133333333333 0.4762834924239507 29.262 0.908 1.3429425981873107 331
120 13.1 1.3321984732824426 1.1401051539814533 29.262 0.908 1.3185344827586203 406
130 16 1.2425374999999987 0.40919440501276394 29.262 0.908 1.321867783985102 537
140 14.8 1.2595135135135136 0.5926537488564476 29.262 0.908 1.3036571018651357 697
150 26.9 1.1779256505576199 0.2993983093339236 29.262 0.893 1.2959254437869818 845
160 30.7 1.218899022801302 0.4027709231234339 29.262 0.893 1.2674317773788146 1114
170 31.4 1.2362452229299359 0.3978030356248413 29.262 0.893 1.256946516537649 1421
180 50.6 1.166938735177867 0.7521233882204985 29.262 0.878 1.2531999999999996 1735
190 65.5 1.1485435114503804 0.6754602666114972 29.262 0.87 1.233722891566265 2241
200 160.9 1.0745593536357974 0.40523454263459374 29.262 0.683 1.2144575276243093 2896
210 289.2 1.1793360995850577 1.0763670061780315 29.262 0.683 1.1644916759156487 4505
220 390.2 1.060741670937978 0.44726415964093225 29.262 0.683 1.1702953900229802 7397
230 388.6 1.0490190427174495 0.4753327497693637 29.262 0.675 1.132462076289935 11299
240 160.6 1.120509339975094 0.6598937503442508 29.262 0.675 1.1111081330260115 15185
244 0 0 0 29.262 0.675 1.1120073253528668 16791
