0 0.1 4.300042622756236 0 4.300042622756236 4.300042622756236 0 0
10 0.1 0.2502502502502503 0.0 4.300042622756236 0.2502502502502503 4.300042622756236 1
20 0.1 0.20020020020020018 0.0 4.300042622756236 0.20020020020020018 2.275146436503243 2
30 0.1 0.19990004997501248 0.0 4.300042622756236 0.19990004997501248 1.5834976910688956 3
40 0.1 0.1500750375187594 0.0 4.300042622756236 0.1500750375187594 1.2375982807954247 4
50 0.1 0.35070140280561124 0.0 4.300042622756236 0.1500750375187594 1.0200936321400917 5
60 0.1 0.44999999999999996 0.0 4.300042622756236 0.1500750375187594 0.9085282605843449 6
70 0.1 0.5994005994005994 0.0 4.300042622756236 0.1500750375187594 0.84302422335801 7
80 0.1 0.8012018027040559 0.0 4.300042622756236 0.1500750375187594 0.8125712703633337 8
90 0.1 0.5007511266900351 0.0 4.300042622756236 0.1500750375187594 0.8113079961789694 9
100 0.1 1.1970074812967582 0.0 4.300042622756236 0.1500750375187594 0.7802523092300759 10
110 0.1 1.3486513486513485 0.0 4.300042622756236 0.1500750375187594 0.8181391430543198 11
120 0.1 1.6923842707814833 0.0 4.300042622756236 0.1500750375187594 0.8623484935207388 12
130 0.1 2.355889724310777 0.0 4.300042622756236 0.1500750375187594 0.926197399463873 13
140 0.1 2.751375687843922 0.0 4.300042622756236 0.1500750375187594 1.0283182798100803 14
150 0.1 2.697302697302697 0.0 4.300042622756236 0.1500750375187594 1.1431887736790032 15
160 0.1 5.205751115518096 0.0 5.205751115518096 0.1500750375187594 1.240320893905484 16
170 0.1 6.274900398406374 0.0 6.274900398406374 0.1500750375187594 1.4735814951768142 17
180 0.1 7.284440039643211 0.0 7.284440039643211 0.1500750375187594 1.740321434245123 18
190 0.1 8.030303030303031 0.0 8.030303030303031 0.1500750375187594 2.0321171503187063 19
200 0.1 9.768378650553878 0.0 9.768378650553878 0.1500750375187594 2.332026444317923 20
210 0.1 14.300100704934543 0.0 14.300100704934543 0.1500750375187594 2.6861384541386824 21
220 0.1 20.710355177588795 0.0 20.710355177588795 0.1500750375187594 3.2140458291748577 22
230 0.1 25.646224024328433 0.0 25.646224024328433 0.1500750375187594 3.974754931279812 23
240 0.1 24.22680412371134 0.0 25.646224024328433 0.1500750375187594 4.877732810156838 24
244 0.1 15.31850353892821 0.0 25.646224024328433 0.1500750375187594 5.651695662699018 25
