0 0.1 682.15625 0 682.15625 682.15625 0 0
10 0.1 683.421875 0.0 683.421875 682.15625 682.15625 1
20 0.1 681.52734375 0.0 683.421875 681.52734375 682.7890625 2
30 0.1 681.60546875 0.0 683.421875 681.52734375 682.3684895833334 3
40 0.1 681.08984375 0.0 683.421875 681.08984375 682.177734375 4
50 0.1 679.640625 0.0 683.421875 679.640625 681.96015625 5
60 0.1 679.65625 0.0 683.421875 679.640625 681.5735677083334 6
70 0.1 678.80859375 0.0 683.421875 678.80859375 681.2996651785714 7
80 0.1 676.265625 0.0 683.421875 676.265625 680.98828125 8
90 0.1 675.60546875 0.0 683.421875 675.60546875 680.4635416666666 9
100 0.1 674.51171875 0.0 683.421875 674.51171875 679.977734375 10
110 0.1 673.78125 0.0 683.421875 673.78125 679.4808238636364 11
120 0.1 676.875 0.0 683.421875 673.78125 679.005859375 12
130 0.1 660.625 0.0 683.421875 660.625 678.8419471153846 13
140 0.1 664.94921875 0.0 683.421875 660.625 677.5407366071429 14
150 0.1 665.2265625 0.0 683.421875 660.625 676.7013020833333 15
160 0.1 643.17578125 0.0 683.421875 643.17578125 675.984130859375 16
170 0.1 642.5703125 0.0 683.421875 642.5703125 674.0542279411765 17
180 0.1 641.578125 0.0 683.421875 641.578125 672.3051215277778 18
190 0.1 581.92578125 0.0 683.421875 581.92578125 670.6879111842105 19
200 0.1 531.78515625 0.0 683.421875 531.78515625 666.2498046875 20
210 0.1 476.1171875 0.0 683.421875 476.1171875 659.8467261904761 21
220 0.1 483.6015625 0.0 683.421875 476.1171875 651.4953835227273 22
230 0.1 482.13671875 0.0 683.421875 476.1171875 644.195652173913 23
240 0.1 480.21875 0.0 683.421875 476.1171875 637.4431966145834 24
244 0.1 563.33203125 0.0 683.421875 476.1171875 631.15421875 25
