0 0.1 0.0 0 0.0 0.0 0 0
10 0.1 0.0 0.0 0.0 0.0 0.0 1
20 0.1 0.0 0.0 0.0 0.0 0.0 2
30 0.1 0.0 0.0 0.0 0.0 0.0 3
40 0.1 0.0 0.0 0.0 0.0 0.0 4
50 0.1 0.0 0.0 0.0 0.0 0.0 5
60 0.1 0.0 0.0 0.0 0.0 0.0 6
70 0.1 0.0 0.0 0.0 0.0 0.0 7
80 0.1 0.0 0.0 0.0 0.0 0.0 8
90 0.1 0.0 0.0 0.0 0.0 0.0 9
100 0.1 0.0 0.0 0.0 0.0 0.0 10
110 0.1 0.0 0.0 0.0 0.0 0.0 11
120 0.1 0.0 0.0 0.0 0.0 0.0 12
130 0.1 0.0 0.0 0.0 0.0 0.0 13
140 0.1 0.0 0.0 0.0 0.0 0.0 14
150 0.1 0.0 0.0 0.0 0.0 0.0 15
160 0.1 0.0 0.0 0.0 0.0 0.0 16
170 0.1 0.16015625 0.0 0.16015625 0.0 0.0 17
180 0.1 0.2109375 0.0 0.2109375 0.0 0.008897569444444444 18
190 0.1 0.25 0.0 0.25 0.0 0.01953125 19
200 0.1 0.2109375 0.0 0.25 0.0 0.0310546875 20
210 0.1 0.25 0.0 0.25 0.0 0.03962053571428571 21
220 0.1 0.2109375 0.0 0.25 0.0 0.04918323863636364 22
230 0.1 0.328125 0.0 0.328125 0.0 0.056216032608695655 23
240 0.1 0.28125 0.0 0.328125 0.0 0.06754557291666667 24
244 0.1 0.30859375 0.0 0.328125 0.0 0.07609375 25
