0 2.4 94.2562916666667 96.67376833603794 244.928 7.323 0 0
10 4 77.86057500000003 91.84411266077088 244.928 7.121 94.2562916666667 24
20 3.8 67.61173684210527 83.22687368957982 244.928 6.927 84.00896875000004 64
30 2.7 72.08385185185183 91.12216388136588 244.928 6.927 77.9001960784314 102
40 9.9 76.00762626262633 92.41478363188979 244.928 6.454 76.68282170542638 129
50 9.9 67.60208080808083 87.39383102811803 244.928 6.454 76.38964473684214 228
60 11.9 75.8628739495798 93.04267201165356 244.928 6.454 73.72918960244651 327
70 19.8 70.01756060606067 88.85622490960168 252.246 6.411 74.29849103139016 446
80 12 70.97841666666662 89.6888778791796 252.246 6.105 72.98230434782612 644
90 18.6 74.27237634408603 91.50818448746372 252.246 6.105 72.66755759162307 764
100 33.2 73.31007228915664 94.38178087760002 447.469 6.105 72.98176421052634 950
110 31.1 72.76381672025717 90.64456244761794 447.469 6.105 73.06678627145088 1282
120 48.2 78.24699170124482 96.27991313133128 486.359 6.105 73.00763779033271 1593
130 63.8 76.78405642633213 93.04905083495052 486.359 6.105 74.22468289156626 2075
140 59.6 76.2560838926176 92.7872918313294 486.359 6.02 74.82655547364537 2713
150 100 86.1929150000001 101.27269374116487 506.457 5.949 75.08403475370201 3309
160 124.2 90.10690499194851 104.81347216041026 506.457 5.949 77.66209932699003 4309
170 124.4 88.25090996784576 101.23026887272873 506.457 5.949 80.44654332552695 5551
180 158.7 326.7544442344039 435.69337823188096 3488.026 5.949 81.8753339220015 6795
190 174.4 1604.2831479357785 1483.9380408805641 10447.097 5.949 128.23934586017648 8382
200 224.8 2251.111200177934 1907.40246616423 12807.869 0.188 382.45822703930446 10126
210 330.7 1711.4813341397044 2005.8277050768277 14660.092 0.075 721.9387413124286 12374
220 428.9 1488.4126122639318 1973.975973171759 14660.092 0.07 930.6255185893754 15681
230 424.3 1475.162832901251 1891.8504491051929 15826.046 0.07 1050.4226565348022 19970
240 280.4 2249.021691512131 2105.705389567223 15826.046 0.07 1124.8526143394047 24213
244 42.5 1042.5208588235275 1227.192951984331 15826.046 0.07 1241.526193655847 27017
