0 2.9 77.97786206896554 93.55024824926024 244.928 7.323 0 0
10 4.9 63.52967346938776 87.40840423876212 244.928 7.121 77.97786206896554 29
20 4.9 52.39869387755103 77.19874418461609 244.928 6.927 68.9014358974359 78
30 3.3 58.95133333333334 86.34837134140474 244.928 6.927 62.53423622047246 127
40 12.2 61.65032786885243 87.64502806145082 244.928 6.454 61.795262500000014 160
50 12.5 53.50846400000002 81.73068763097928 244.928 6.454 61.73256028368794 282
60 14.5 62.22660689655169 88.58413892170903 244.928 6.454 59.20673218673218 407
70 25 55.419908000000035 83.29543228861672 252.246 6.411 59.99999637681158 552
80 15 56.74950000000002 84.40562329700948 252.246 6.105 58.57228802992518 802
90 22.9 60.294912663755476 86.69015015348799 252.246 6.105 58.285084033613444 952
100 41.3 58.90231476997581 88.82629708707418 447.469 6.105 58.67479678238781 1181
110 39 57.992343589743605 85.15809638626992 447.469 6.105 58.73374592220829 1594
120 59.4 63.46284343434351 89.96672938967387 447.469 6.105 58.588006552419365 1984
130 79.7 61.43173149309908 87.55073937874427 447.469 6.105 59.711223429014765 2578
140 74.4 61.0529932795699 87.42600500516185 447.469 6.02 60.11751822222224 3375
150 123.6 69.70750485436896 95.64125547198798 496.779 5.949 60.28648968196165 4119
160 155.4 71.99762548262545 98.43612710850113 496.779 5.949 62.46097609710552 5355
170 155.1 70.75119342359805 95.21046028809425 496.779 5.949 64.6059975394413 6909
180 189.7 284.9709425408534 399.1500360924201 3427.85 5.949 65.73261678487005 8460
190 212 1424.1202122641512 1243.609450587779 8867.969 5.949 105.88856000772418 10357
200 279.7 1842.9542130854538 1411.029765329311 10504.536 0.163 329.87277919371644 12477
210 416.7 1338.439945284377 1492.005689354284 11873.777 0.075 606.9507398193017 15274
220 552.2 1158.7608634552676 1584.2633230378462 13009.943 0.07 763.7387403940133 19441
230 547.3 1140.4441547597291 1486.041684077962 13171.467 0.07 851.1205520169851 24963
240 376.5 1659.0104395750368 1606.1905451786665 13171.467 0.07 903.146707813116 30436
244 64.6 390.3934814241484 548.6461953189655 13171.467 0.07 986.3555891348209 34201
