0 0.5 2273.4578 500.8003092384827 3161.932 1702.935 0 0
10 1 2216.4041 590.940439731019 3161.932 1353.719 2273.4578 5
20 1 1988.9966 408.13200712249954 3161.932 1299.262 2235.422 15
30 0.7 2052.898142857143 711.2320831833063 3201.521 1299.262 2136.8518400000003 25
40 2.4 2291.052250000001 519.5192637274749 3284.29 1299.262 2118.4869687500004 32
50 2.4 2115.7362499999995 562.1428297202182 3284.29 1299.262 2192.4435178571434 56
60 2.8 2390.5634999999997 635.7483805657987 3284.29 1299.262 2169.4313375 80
70 5.1 2214.980764705882 558.1056722853496 3284.29 1295.198 2226.7618981481482 108
80 3.1 2259.7838064516127 515.3098296208151 3284.29 1295.198 2222.983044025157 159
90 4.2 2274.442571428571 489.4188135230322 3284.29 1295.198 2228.9873789473686 190
100 8.1 2251.460604938272 569.945544173283 3284.29 1295.198 2237.2163362068964 232
110 8 2356.277562499999 579.6160886185321 3362.806 1295.198 2240.902552715655 313
120 11.6 2288.90147413793 572.3339179329588 3476.952 1295.198 2264.3885597964377 393
130 15.7 2298.0127643312103 600.2355443694677 3476.952 1294.325 2269.975 509
140 14.6 2268.8804863013693 556.6504316419977 3476.952 1294.325 2276.5845030030027 666
150 23.5 2367.764868085107 593.4279572199781 3476.952 1294.325 2275.1992980295563 812
160 31.2 2339.0381506410254 587.8616037029124 3483.606 1294.325 2295.9757153772684 1047
170 31.3 2292.2419361022326 579.3888170265299 3483.606 1294.325 2305.862013980868 1359
180 28.3 3210.9766466431097 1026.3898571757861 6504.826 1294.325 2303.31232236842 1672
190 31.8 7029.430430817614 2253.063767547268 14814.488 1294.325 2434.7031171355493 1955
200 53.9 9206.107935064934 3856.608990021663 19260.708 1054.193 3077.520224813022 2273
210 88.4 8784.482615384639 5358.510271222615 22661.134 1015.131 4252.238850640113 2812
220 122.5 6995.404842448986 5004.227250623417 23858.928 1013.237 5336.24953463204 3696
230 123.2 7017.8601217532405 5049.020011409655 25045.376 1009.054 5749.268281243655 4921
240 115.6 9503.453230968853 4987.474911875966 25045.376 1009.054 6003.275293677884 6153
244 9.6 8786.914999999997 1471.1832837261745 25045.376 1009.054 6556.867535504175 7309
