0 50.128125 50.128125
10 89.3734375 139.5015625
20 104.0171875 243.51875
30 61.06796875 304.58671875
40 230.93671875 535.5234375
50 260.70078125 796.22421875
60 277.88046875 1074.1046875
70 547.56796875 1621.67265625
80 328.9140625 1950.58671875
90 492.859375 2443.44609375
100 950.68125 3394.12734375
110 966.4046875 4360.53203125
120 1441.0171875 5801.54921875
130 2151.959375 7953.50859375
140 2146.61015625 10100.11875
150 3706.0046875 13806.1234375
160 5353.76484375 19159.88828125
170 5851.50078125 25011.3890625
180 7990.6890625 33002.078125
190 9365.42578125 42367.50390625
200 10133.85859375 52501.3625
210 11490.465625 63991.828125
220 14032.16484375 78023.99296875
230 15543.70703125 93567.7
240 21419.33203125 114987.03203125
244 3491.07265625 118478.1046875
