0 12.63125 12.63125
10 21.7625 34.39375
20 23.56328125 57.95703125
30 14.90625 72.86328125
40 54.50234375 127.365625
50 58.50546875 185.87109375
60 64.278125 250.14921875
70 115.959375 366.10859375
80 68.9 435.00859375
90 103.43046875 538.4390625
100 188.9625 727.4015625
110 180.19375 907.5953125
120 266.84375 1174.4390625
130 365.50625 1539.9453125
140 339.70859375 1879.65390625
150 560.24609375 2439.9
160 714.31875 3154.21875
170 710.33125 3864.55
180 906.1140625 4770.6640625
190 1036.00703125 5806.67109375
200 1132.809375 6939.48046875
210 1426.471875 8365.95234375
220 1757.09296875 10123.0453125
230 1759.35859375 11882.40390625
240 1414.0359375 13296.43984375
244 225.89296875 13522.3328125
