0 0.7 2.6555714285714287 3.0080943591365927 10.011 1.289 0 0
10 1.2 1.36625 0.09423297812690988 10.011 1.245 2.6555714285714287 7
20 1.1 1.375818181818182 0.10025859127260334 10.011 1.232 1.841263157894737 19
30 1.5 1.3698666666666663 0.1183029256705945 10.011 1.232 1.6706 30
40 1.9 1.360263157894737 0.19750945136752665 10.011 1.201 1.5703555555555555 45
50 2.1 1.510952380952381 0.7015438401391523 10.011 1.201 1.507984375 64
60 4.6 1.671173913043478 1.357760325016546 10.011 1.142 1.5087176470588233 85
70 3.3 1.5511212121212126 1.0134738865116135 10.011 1.142 1.5657633587786255 131
80 3.8 1.3447894736842105 0.11835076276514407 10.011 1.142 1.5628170731707316 164
90 7.4 1.3176351351351352 0.2323510609450257 10.011 1.116 1.5218019801980198 202
100 8.5 1.4181294117647056 0.6709072661129728 10.011 1.048 1.4670615942028986 276
110 8.4 1.4582142857142857 0.7519995895298488 10.011 1.048 1.455540166204986 361
120 15.7 1.599025477707006 1.0105355832210865 10.011 1.048 1.4560449438202245 445
130 15.5 1.6009612903225814 1.7609410273281065 16.884 1.048 1.4933338870431891 602
140 15.6 1.3859807692307684 0.5254963279184913 16.884 1.044 1.5153712021136063 757
150 28.3 1.3620671378091869 0.6538030839054806 16.884 1.043 1.49326286966046 913
160 28.9 1.3453702422145337 0.6932125589226138 16.884 1.043 1.4622190635451504 1196
170 31.2 1.333509615384615 0.4850847863080683 16.884 1.012 1.439478787878788 1485
180 57.2 2.040183566433567 3.3399127699251308 31.124 0.982 1.4210801335559267 1797
190 64.7 1.2885749613601252 0.3683811070795138 31.124 0.918 1.5705639510341918 2369
200 64.7 2.8522550231839254 40.043609582672 1020.557 0.918 1.5100709549071623 3016
210 172.3 1.184750435287288 0.44668075561733167 1020.557 0.849 1.7471425061425065 3663
220 221.6 1.1913731949458475 0.4631655365475591 1020.557 0.819 1.5672313405124394 5386
230 210 1.2138638095238077 0.404856526644242 1020.557 0.819 1.45766785056564 7602
240 35.5 1.2391943661971814 0.6692043280227027 1020.557 0.819 1.404896413110698 9702
247 0 0 0 1020.557 0.819 1.399047330217758 10057
