0 0.1 5.974632705305391 0 5.974632705305391 5.974632705305391 0 0
10 0.1 0.4506760140210316 0.0 5.974632705305391 0.4506760140210316 5.974632705305391 1
20 0.1 0.2506265664160401 0.0 5.974632705305391 0.2506265664160401 3.2126543596632113 2
30 0.1 0.250501002004008 0.0 5.974632705305391 0.250501002004008 2.225311761914154 3
40 0.1 0.3001500750375188 0.0 5.974632705305391 0.250501002004008 1.7316090719366175 4
50 0.1 0.5508262393590386 0.0 5.974632705305391 0.250501002004008 1.4453172725567978 5
60 0.1 0.5511022044088176 0.0 5.974632705305391 0.250501002004008 1.2962354336905044 6
70 0.1 1.2 0.0 5.974632705305391 0.250501002004008 1.1897878295074062 7
80 0.1 0.6513026052104208 0.0 5.974632705305391 0.250501002004008 1.1910643508189804 8
90 0.1 0.9009009009009009 0.0 5.974632705305391 0.250501002004008 1.1310908235291406 9
100 0.1 1.3006503251625814 0.0 5.974632705305391 0.250501002004008 1.1080718312663165 10
110 0.1 1.6549648946840523 0.0 5.974632705305391 0.250501002004008 1.125578967075068 11
120 0.1 1.6983016983016983 0.0 5.974632705305391 0.250501002004008 1.1696944610424833 12
130 0.1 2.4451097804391217 0.0 5.974632705305391 0.250501002004008 1.210356556216269 13
140 0.1 3.65 0.0 5.974632705305391 0.250501002004008 1.2985532150893297 14
150 0.1 3.159478435305918 0.0 5.974632705305391 0.250501002004008 1.4553163340833744 15
160 0.1 4.957005563985837 0.0 5.974632705305391 0.250501002004008 1.5618264654097833 16
170 0.1 7.146451937594363 0.0 7.146451937594363 0.250501002004008 1.7615428829730806 17
180 0.1 6.616161616161616 0.0 7.146451937594363 0.250501002004008 2.0607044971187074 18
190 0.1 10.528917449332674 0.0 10.528917449332674 0.250501002004008 2.300465398120966 19
200 0.1 12.614445574771107 0.0 12.614445574771107 0.250501002004008 2.7118880006815513 20
210 0.1 12.780040733197556 0.0 12.780040733197556 0.250501002004008 3.1834383613524824 21
220 0.1 18.648507071765323 0.0 18.648507071765323 0.250501002004008 3.6196475600727127 22
230 0.1 22.24554039874082 0.0 22.24554039874082 0.250501002004008 4.27307623449413 23
240 0.1 21.130480718436345 0.0 22.24554039874082 0.250501002004008 5.021928908004409 24
247 0.1 12.56206554121152 0.0 22.24554039874082 0.250501002004008 5.666270980421687 25
