0 0.1 677.21484375 0 677.21484375 677.21484375 0 0
10 0.1 675.89453125 0.0 677.21484375 675.89453125 677.21484375 1
20 0.1 673.30078125 0.0 677.21484375 673.30078125 676.5546875 2
30 0.1 672.21875 0.0 677.21484375 672.21875 675.4700520833334 3
40 0.1 673.70703125 0.0 677.21484375 672.21875 674.6572265625 4
50 0.1 673.65234375 0.0 677.21484375 672.21875 674.4671875 5
60 0.1 673.1015625 0.0 677.21484375 672.21875 674.3313802083334 6
70 0.1 670.44921875 0.0 677.21484375 670.44921875 674.1556919642857 7
80 0.1 672.91796875 0.0 677.21484375 670.44921875 673.6923828125 8
90 0.1 669.98046875 0.0 677.21484375 669.98046875 673.6063368055555 9
100 0.1 663.6171875 0.0 677.21484375 663.6171875 673.24375 10
110 0.1 663.96484375 0.0 677.21484375 663.6171875 672.3686079545455 11
120 0.1 658.6875 0.0 677.21484375 658.6875 671.6682942708334 12
130 0.1 636.37109375 0.0 677.21484375 636.37109375 670.6697716346154 13
140 0.1 606.91015625 0.0 677.21484375 606.91015625 668.2198660714286 14
150 0.1 588.09765625 0.0 677.21484375 588.09765625 664.1325520833333 15
160 0.1 581.42578125 0.0 677.21484375 581.42578125 659.38037109375 16
170 0.1 551.54296875 0.0 677.21484375 551.54296875 654.7948069852941 17
180 0.1 555.0703125 0.0 677.21484375 551.54296875 649.05859375 18
190 0.1 556.6484375 0.0 677.21484375 551.54296875 644.1118421052631 19
200 0.1 549.67578125 0.0 677.21484375 549.67578125 639.738671875 20
210 0.1 552.296875 0.0 677.21484375 549.67578125 635.449962797619 21
220 0.1 545.45703125 0.0 677.21484375 545.45703125 631.6702769886364 22
230 0.1 541.25 0.0 677.21484375 541.25 627.921875 23
240 0.1 534.3359375 0.0 677.21484375 534.3359375 624.310546875 24
247 0.1 655.59765625 0.0 677.21484375 534.3359375 620.7115625 25
