0 0.1 0.01171875 0 0.01171875 0.01171875 0 0
10 0.1 0.01171875 0.0 0.01171875 0.01171875 0.01171875 1
20 0.1 0.01171875 0.0 0.01171875 0.01171875 0.01171875 2
30 0.1 0.01171875 0.0 0.01171875 0.01171875 0.01171875 3
40 0.1 0.01171875 0.0 0.01171875 0.01171875 0.01171875 4
50 0.1 0.0 0.0 0.01171875 0.0 0.01171875 5
60 0.1 0.0 0.0 0.01171875 0.0 0.009765625 6
70 0.1 0.0 0.0 0.01171875 0.0 0.008370535714285714 7
80 0.1 0.0 0.0 0.01171875 0.0 0.00732421875 8
90 0.1 0.0 0.0 0.01171875 0.0 0.006510416666666667 9
100 0.1 0.0 0.0 0.01171875 0.0 0.005859375 10
110 0.1 0.0 0.0 0.01171875 0.0 0.005326704545454545 11
120 0.1 0.0 0.0 0.01171875 0.0 0.004882812499999999 12
130 0.1 0.0 0.0 0.01171875 0.0 0.004507211538461537 13
140 0.1 0.0 0.0 0.01171875 0.0 0.004185267857142856 14
150 0.1 0.0 0.0 0.01171875 0.0 0.003906249999999999 15
160 0.1 0.0 0.0 0.01171875 0.0 0.003662109374999999 16
170 0.1 0.0 0.0 0.01171875 0.0 0.0034466911764705873 17
180 0.1 0.0 0.0 0.01171875 0.0 0.0032552083333333326 18
190 0.1 0.1484375 0.0 0.1484375 0.0 0.0030838815789473676 19
200 0.1 0.12890625 0.0 0.1484375 0.0 0.0103515625 20
210 0.1 0.33984375 0.0 0.33984375 0.0 0.015997023809523808 21
220 0.1 0.2890625 0.0 0.33984375 0.0 0.030717329545454544 22
230 0.1 0.3203125 0.0 0.33984375 0.0 0.04194972826086957 23
240 0.1 0.4296875 0.0 0.4296875 0.0 0.053548177083333336 24
247 0.1 0.37109375 0.0 0.4296875 0.0 0.06859375 25
