0 2.2 91.17209090909093 94.0046918876969 231.912 8.178 0 0
10 4.3 83.33367441860464 90.40519640851093 231.912 7.901 91.17209090909093 22
20 5.2 72.58944230769234 80.7308722307104 231.912 7.901 85.98667692307693 65
30 4.6 91.89545652173915 95.76298119512856 231.912 7.901 80.03235042735044 117
40 6.8 83.46451470588237 89.90211236288393 231.912 7.803 83.38022085889573 163
50 8.1 84.43593827160491 91.83844170860766 315.087 7.803 83.40503463203464 231
60 17.4 86.58954022988506 92.52887355615118 315.087 7.163 83.67267307692308 312
70 14.8 81.90412837837839 87.668102525044 315.087 7.122 84.71698353909464 486
80 13.4 86.52560447761198 93.0575114207401 315.087 7.122 84.0603548895899 634
90 24.7 109.35581781376519 111.38667950457933 601.319 7.122 84.49048958333334 768
100 36.2 110.35400276243101 121.06081704998273 640.367 6.815 90.54146108374385 1015
110 32.4 159.98047222222226 178.674473806458 1206.723 6.642 95.7499869281046 1377
120 37.7 879.9106153846161 896.827172724137 4819.022 6.642 107.98436507936512 1701
130 47 2462.991129787236 1622.28370513217 7514.479 6.642 248.030657844081 2078
140 47.3 3583.5165264270654 2228.6177187199396 9222.677 2.365 656.5987197802202 2548
150 92.3 2730.5084983748625 3141.8720142145503 11428.505 0.677 1114.8682075471709 3021
160 123.9 2262.3675996771585 3070.7439946539057 13286.772 0.677 1492.970638691684 3944
170 123.7 1918.4314785772021 2295.7740003515737 13286.772 0.662 1676.8955537333593 5183
180 196.7 1357.781178444334 2301.405232179495 13286.772 0.662 1723.4344850467292 6420
190 258 1042.1890492248078 1804.925478202203 13286.772 0.662 1637.6779506378928 8387
200 255.6 1010.3260375586847 1660.8227711716315 13286.772 0.662 1497.5884671286597 10967
210 407.7 608.2618830022099 1421.3221711456536 13286.772 0.662 1405.4903550247734 13523
220 497.5 544.313774673367 1217.7016143520707 13286.772 0.659 1220.8141913636373 17600
230 484.4 530.4082233691117 1111.0518111759295 13286.772 0.658 1071.729381926911 22575
240 226.3 1002.9006920017665 1381.6217745918377 13286.772 0.658 976.0964379080197 27419
247 5 39.91634 8.249803126402472 13286.772 0.658 978.1400342631895 29682
