0 4.1 48.864365853658555 81.05527513558371 231.912 6.427 0 0
10 9.1 39.317 73.27731654355374 231.912 5.697 48.864365853658555 41
20 12.7 29.654118110236226 60.79197276949091 231.912 5.372 42.282469696969706 132
30 8.8 48.23809090909092 81.56302282990023 231.912 5.372 36.090189189189196 259
40 14 40.32310000000002 73.78300144316053 231.912 5.372 39.17092507204612 347
50 18.4 37.098614130434775 70.9701957082507 291.941 5.372 39.50214579055443 487
60 37.2 40.44095430107534 74.36777003746103 291.941 5.296 38.84305514157973 671
70 35.1 34.46972934472935 67.3833976803599 291.941 5.242 39.41296740172581 1043
80 28 41.35075714285713 75.50640478972359 291.941 5.242 38.16829268292685 1394
90 49.6 54.40031249999999 88.7818480127191 464.66 5.242 38.70060454002391 1674
100 85.5 46.68617426900579 86.77698849463317 514.013 5.242 42.28910921658987 2170
110 69.8 74.16262177650415 126.34031987223457 874.741 5.242 43.53191603305784 3025
120 70.6 551.8313739376774 498.2630273424479 2078.054 5.242 49.27465914585009 3723
130 99.9 1324.5552862862867 571.0368173204174 3346.449 5.242 129.38417385414317 4429
140 100.7 1932.388775571003 612.3575331359492 3740.355 0.71 349.3502647383936 5428
150 181 1369.6403441988946 1344.999313474672 3941.593 0.673 597.0767263403263 6435
160 282.7 959.7955925008852 1289.3542888806974 4705.043 0.666 766.675288902365 8245
170 274.7 880.5612082271565 1055.2942187353 4705.043 0.662 815.9844560151736 11072
180 402.6 644.7286517635363 1106.7920050215962 4705.043 0.662 828.821299370432 13819
190 579.2 440.99209789364625 839.930819951397 4705.043 0.662 787.2882649481646 17845
200 574.5 456.05916066144545 858.8169855233756 4705.043 0.662 702.4320057113846 23637
210 842 288.377217933493 785.4262959856779 4705.043 0.662 654.2592470560209 29382
220 1116.6 240.36328192727848 685.5538133701765 4705.043 0.656 572.7628530765572 37802
230 1098.8 231.00715444120792 601.1528471992298 4705.043 0.653 496.9669534798237 48968
240 674.4 319.6141773428237 653.5412473789535 4705.043 0.653 448.22510492694647 59956
247 19.7 10.04742639593908 4.255227630065017 4705.043 0.653 435.2213253823089 66700
