0 0.4 4910.157000000001 722.5319769453112 5808.385 3791.84 0 0
10 1 5563.0375 1241.1465453599144 7323.484 3669.631 4910.157000000001 4
20 1.5 6003.074933333333 1083.4073328917716 7841.96 3669.631 5376.500214285714 14
30 0.7 5949.763571428572 1207.9888738660818 8125.449 3669.631 5700.590586206896 29
40 1.5 5800.115466666667 875.9065153931947 8125.449 3669.631 5749.040888888889 36
50 2 6189.171899999999 946.5337701107607 8125.449 3669.631 5764.0628235294125 51
60 3.6 5910.812388888889 841.1143312534958 8125.449 3669.631 5883.811859154929 71
70 4.2 6454.664500000001 886.5944421552523 8125.449 3669.631 5892.89614953271 107
80 2.8 6016.865499999999 962.4979625436878 8125.449 3669.631 6051.246959731544 149
90 5.1 5996.025745098036 983.3782496059949 8125.449 3669.631 6045.808084745762 177
100 9.7 5967.415536082474 1012.1907225198617 8279.605 3584.161 6034.672561403508 228
110 7.4 6059.426756756758 1061.8398522711595 8279.605 3584.161 6014.598926153845 325
120 4.3 7444.746790697676 2187.671336494111 11732.499 3584.161 6022.912859649122 399
130 7.2 13525.572222222221 1682.0685784824109 17452.542 3584.161 6161.236070135747 442
140 8 18091.59655 1801.3754369264952 21504.646 3584.161 7192.816231517509 514
150 17.8 18992.92841573033 4643.767084461634 28349.714 3584.161 8660.665432659931 594
160 30 15029.904163333329 6917.340306807271 29868.313 3264.383 11042.97477331606 772
170 30.7 13901.274889250804 5537.493679555408 30103.943 3264.383 12158.719938432832 1072
180 39.1 12402.076074168801 6027.993465799243 30103.943 3227.454 12546.656392313265 1379
190 65.2 10113.241176380376 4502.6459122780725 30103.943 3227.454 12514.718028248584 1770
200 63.4 9469.977511041005 3680.527271610023 30103.943 3225.825 11868.242839388933 2422
210 81.2 8482.227280788187 3421.8974423547756 30103.943 3189.087 11370.696956479056 3056
220 122.9 7783.627705451581 2920.313386839924 30103.943 3068.03 10764.32741752844 3868
230 123.9 7747.464125907995 2691.251993834108 30103.943 3068.03 10045.614459682167 5097
240 106.8 8211.584857677904 2435.8383468536067 30103.943 3068.03 9596.21290293561 6336
247 2.9 10759.738034482758 1074.2308190758529 30103.943 3068.03 9396.485356699084 7404
