0 57.01796875 57.01796875
10 112.48828125 169.50625
20 172.80546875 342.31171875
30 111.26875 453.58046875
40 180.3375 633.91796875
50 240.22109375 874.1390625
60 534.4515625 1408.590625
70 448.48984375 1857.08046875
80 368.66875 2225.74921875
90 647.1265625 2872.87578125
100 1120.17265625 3993.0484375
110 914.38828125 4907.43671875
120 1059.66953125 5967.10625
130 1463.66328125 7430.76953125
140 1380.240625 8811.01015625
150 1498.68984375 10309.7
160 2224.4140625 12534.1140625
170 2050.55234375 14584.66640625
180 2244.80625 16829.47265625
190 3197.9890625 20027.46171875
200 3268.390625 23295.85234375
210 3515.065625 26810.91796875
220 4308.01875 31118.93671875
230 4693.8375 35812.77421875
240 4421.178125 40233.95234375
247 136.21484375 40370.1671875
