0 18.6109375 18.6109375
10 42.88359375 61.49453125
20 62.28125 123.77578125
30 40.5703125 164.34609375
40 65.1171875 229.46328125
50 89.13359375 318.596875
60 176.59609375 495.19296875
70 170.11015625 665.303125
80 132.115625 797.41875
90 231.52734375 1028.94609375
100 416.0625 1445.00859375
110 329.815625 1774.82421875
120 350.9125 2125.73671875
130 502.16484375 2627.9015625
140 499.72109375 3127.62265625
150 758.14375 3885.76640625
160 1084.55703125 4970.3234375
170 1086.4171875 6056.740625
180 1310.3453125 7367.0859375
190 1844.240625 9211.3265625
200 1838.665625 11049.9921875
210 2258.728125 13308.7203125
220 2868.35625 16177.0765625
230 2944.740625 19121.8171875
240 2257.4921875 21379.309375
247 103.65078125 21482.96015625
