0 0.8 4.433375 9.137620135154174 28.609 0.928 0 0
10 1.2 1.3632499999999999 1.176056696833391 28.609 0.864 4.433375 8
20 0.9 1.1122222222222222 0.24464658308932896 28.609 0.864 2.5912999999999995 20
30 1 1.1180999999999996 0.2729470461463177 28.609 0.864 2.132275862068965 29
40 1.6 1.1500625 0.5270027832884281 28.609 0.863 1.8722307692307687 39
50 2.4 0.9869583333333334 0.16540643860066498 28.609 0.728 1.6621454545454541 55
60 2.2 1.414909090909091 1.6698776196065417 28.609 0.728 1.4570253164556959 79
70 4.9 1.0978367346938775 0.45942925315064814 28.609 0.728 1.4478514851485147 101
80 4.1 1.2000975609756097 0.7993905240832238 28.609 0.728 1.3335133333333333 150
90 5.1 1.034333333333333 0.2227461992516276 28.609 0.728 1.3048743455497382 191
100 8.7 1.0030459770114943 0.16310506507748473 28.609 0.649 1.2478595041322313 242
110 9.2 1.0405434782608693 0.43299260494346525 28.609 0.649 1.1831215805471123 329
120 10.7 1.1677383177570098 1.5148432467960258 28.609 0.649 1.151964370546318 421
130 15.1 0.9398145695364233 0.16665725640436993 28.609 0.649 1.1551609848484847 528
140 14.9 1.0243221476510072 0.6906268941759698 28.609 0.649 1.1072709867452133 679
150 24.2 1.0147603305785122 0.45631428608201086 28.609 0.649 1.0923442028985506 828
160 35.5 1.0996929577464778 0.7095799224107421 28.609 0.649 1.0747971962616822 1070
170 30.2 0.9668576158940395 0.3621988352867218 28.609 0.643 1.0809992982456138 1425
180 49.5 1.0695292929292946 1.0776490905082403 28.609 0.643 1.0610393746381006 1727
190 62.4 0.9715240384615387 0.4976374208470267 28.609 0.628 1.062930693069307 2222
200 60.9 0.9841050903119862 0.6190322752145804 28.609 0.628 1.0428893183415322 2846
210 27.7 0.9084729241877257 0.3094664154044673 28.609 0.628 1.0325276410998554 3455
220 0 0 0 28.609 0.628 1.0233199356913183 3732
230 0 0 0 28.609 0.628 1.0233199356913183 3732
