0 0.1 5.7881261001760285 0 5.7881261001760285 5.7881261001760285 0 0
10 0.1 0.949050949050949 0.0 5.7881261001760285 0.949050949050949 5.7881261001760285 1
20 0.1 0.5505505505505506 0.0 5.7881261001760285 0.5505505505505506 3.3685885246134886 2
30 0.1 0.5497251374312844 0.0 5.7881261001760285 0.5497251374312844 2.429242533259176 3
40 0.1 0.3003003003003003 0.0 5.7881261001760285 0.3003003003003003 1.959363184302203 4
50 0.1 0.7492507492507493 0.0 5.7881261001760285 0.3003003003003003 1.6275506075018225 5
60 0.1 0.8512769153730596 0.0 5.7881261001760285 0.3003003003003003 1.4811672977933101 6
70 0.1 0.9004502251125562 0.0 5.7881261001760285 0.3003003003003003 1.39118295744756 7
80 0.1 1.4970059880239521 0.0 5.7881261001760285 0.3003003003003003 1.3298413659056845 8
90 0.1 1.7500000000000002 0.0 5.7881261001760285 0.3003003003003003 1.3484152128077143 9
100 0.1 1.945137157107232 0.0 5.7881261001760285 0.3003003003003003 1.3885736915269429 10
110 0.1 0.9547738693467337 0.0 5.7881261001760285 0.3003003003003003 1.4391703702160603 11
120 0.1 1.7517517517517518 0.0 5.7881261001760285 0.3003003003003003 1.3988039951436164 12
130 0.1 1.8509254627313656 0.0 5.7881261001760285 0.3003003003003003 1.4259538225750115 13
140 0.1 3.2835820895522385 0.0 5.7881261001760285 0.3003003003003003 1.4563089397290365 14
150 0.1 3.537618335824614 0.0 5.7881261001760285 0.3003003003003003 1.5781271497172502 15
160 0.1 4.757135703555333 0.0 5.7881261001760285 0.3003003003003003 1.7005953488489605 16
170 0.1 6.19647355163728 0.0 6.19647355163728 0.3003003003003003 1.8803918403022764 17
180 0.1 6.1871227364185115 0.0 6.19647355163728 0.3003003003003003 2.1201741575986657 18
190 0.1 6.670061099796334 0.0 6.670061099796334 0.3003003003003003 2.33422408279971 19
200 0.1 8.599382080329557 0.0 8.599382080329557 0.3003003003003003 2.5510159336495413 20
210 0.1 8.623376623376624 0.0 8.623376623376624 0.3003003003003003 2.8390333692057323 21
220 0.1 6.740442655935613 0.0 8.623376623376624 0.3003003003003003 3.1019580625771366 22
230 0.1 2.694610778443114 0.0 8.623376623376624 0.3003003003003003 3.26015304489707 23
