0 0.1 690.5625 0 690.5625 690.5625 0 0
10 0.1 687.24609375 0.0 690.5625 687.24609375 690.5625 1
20 0.1 686.640625 0.0 690.5625 686.640625 688.904296875 2
30 0.1 683.875 0.0 690.5625 683.875 688.1497395833334 3
40 0.1 681.65234375 0.0 690.5625 681.65234375 687.0810546875 4
50 0.1 678.65234375 0.0 690.5625 678.65234375 685.9953125 5
60 0.1 680.671875 0.0 690.5625 678.65234375 684.771484375 6
70 0.1 681.5234375 0.0 690.5625 678.65234375 684.1858258928571 7
80 0.1 670.90625 0.0 690.5625 670.90625 683.85302734375 8
90 0.1 663.70703125 0.0 690.5625 663.70703125 682.4144965277778 9
100 0.1 669.75 0.0 690.5625 663.70703125 680.54375 10
110 0.1 648.2578125 0.0 690.5625 648.2578125 679.5625 11
120 0.1 628.75390625 0.0 690.5625 628.75390625 676.9537760416666 12
130 0.1 621.3671875 0.0 690.5625 621.3671875 673.24609375 13
140 0.1 600.35546875 0.0 690.5625 600.35546875 669.5404575892857 14
150 0.1 604.03515625 0.0 690.5625 600.35546875 664.928125 15
160 0.1 584.76953125 0.0 690.5625 584.76953125 661.122314453125 16
170 0.1 600.17578125 0.0 690.5625 584.76953125 656.6309742647059 17
180 0.1 595.203125 0.0 690.5625 584.76953125 653.4945746527778 18
190 0.1 601.6953125 0.0 690.5625 584.76953125 650.426603618421 19
200 0.1 591.78515625 0.0 690.5625 584.76953125 647.9900390625 20
210 0.1 590.75390625 0.0 690.5625 584.76953125 645.3136160714286 21
220 0.1 593.12109375 0.0 690.5625 584.76953125 642.8336292613636 22
230 0.1 589.6171875 0.0 690.5625 584.76953125 640.672214673913 23
