0 0.1 0.01953125 0 0.01953125 0.01953125 0 0
10 0.1 0.01953125 0.0 0.01953125 0.01953125 0.01953125 1
20 0.1 0.01171875 0.0 0.01953125 0.01171875 0.01953125 2
30 0.1 0.01171875 0.0 0.01953125 0.01171875 0.016927083333333332 3
40 0.1 0.01171875 0.0 0.01953125 0.01171875 0.015625 4
50 0.1 0.08984375 0.0 0.08984375 0.01171875 0.01484375 5
60 0.1 0.0703125 0.0 0.08984375 0.01171875 0.02734375 6
70 0.1 0.05859375 0.0 0.08984375 0.01171875 0.033482142857142856 7
80 0.1 0.05078125 0.0 0.08984375 0.01171875 0.03662109375 8
90 0.1 0.0390625 0.0 0.08984375 0.01171875 0.03819444444444445 9
100 0.1 0.0390625 0.0 0.08984375 0.01171875 0.03828125 10
110 0.1 0.03125 0.0 0.08984375 0.01171875 0.03835227272727273 11
120 0.1 0.01953125 0.0 0.08984375 0.01171875 0.037760416666666664 12
130 0.1 0.01953125 0.0 0.08984375 0.01171875 0.03635817307692308 13
140 0.1 0.01953125 0.0 0.08984375 0.01171875 0.03515625000000001 14
150 0.1 0.01171875 0.0 0.08984375 0.01171875 0.034114583333333344 15
160 0.1 0.01171875 0.0 0.08984375 0.01171875 0.03271484375000001 16
170 0.1 0.08984375 0.0 0.08984375 0.01171875 0.03147977941176471 17
180 0.1 0.078125 0.0 0.08984375 0.01171875 0.03472222222222223 18
190 0.1 0.05859375 0.0 0.08984375 0.01171875 0.037006578947368425 19
200 0.1 0.05078125 0.0 0.08984375 0.01171875 0.03808593750000001 20
210 0.1 0.0390625 0.0 0.08984375 0.01171875 0.0386904761904762 21
220 0.1 0.0390625 0.0 0.08984375 0.01171875 0.038707386363636374 22
230 0.1 0.03125 0.0 0.08984375 0.01171875 0.038722826086956534 23
