0 1.2 128.19258333333335 160.47835799646958 364.005 6.277 0 0
10 3.2 152.38468749999998 183.6602031532072 558.59 6.16 128.19258333333335 12
20 3.4 133.81300000000002 166.0790226187522 558.59 6.16 145.7868409090909 44
30 2.5 107.30196 152.12542052779477 558.59 6.16 140.56747435897435 78
40 4.7 165.31970212765964 211.49959924492134 764.524 5.259 132.4933203883495 103
50 6.3 283.674380952381 385.2170074412367 1657.742 5.259 142.77892000000003 150
60 5.7 148.74517543859653 198.84383284483673 1657.742 5.259 184.45222535211272 213
70 10 1134.5757799999997 1332.3699906243355 4802.246 5.259 176.9140703703704 270
80 11.9 1313.242882352942 1229.9789475953376 4914.452 5.259 435.7415594594594 370
90 16.2 917.1352160493822 1405.387826302479 6626.103 5.259 649.2848261758692 489
100 10.3 2008.7308932038839 1780.1972147751997 7363.211 5.259 715.9388402457756 651
110 11.5 5757.739469565221 3210.5312810932064 13756.81 5.259 892.5404071618036 754
120 20.1 5484.174328358209 6669.969271105087 21262.264 1.116 1536.3814798619107 869
130 43.6 4179.862571100916 6984.0360343955645 25205.289 1.103 2277.9762112149538 1070
140 46.8 4717.722602564114 8224.406060219042 28348.654 1.088 2828.588729747676 1506
150 59.1 3428.338923857865 6639.107583418176 29284.778 1.062 3276.468492907804 1974
160 97.6 2077.724253073773 5063.332180945825 29284.778 1.062 3311.460861208578 2565
170 97.6 1918.5372961065582 4709.240584288987 29284.778 1.012 2971.4080711663387 3541
180 118.7 1824.9749216512187 4639.387882264275 29284.778 1.012 2743.9115299977875 4517
190 178 956.0618983146076 3245.0132434369093 29284.778 1.012 2552.681208450211 5704
200 191 1061.0408324607324 3586.125908902541 29284.778 1.012 2172.940111170498 7484
210 137.8 1421.6037024673433 3916.0950197173484 29284.778 1.012 1946.8673389397493 9394
220 19.5 6870.991215384615 7811.220703575303 29284.778 1.012 1879.673383215745 10772
230 22.9 8189.875515283838 7421.467669101922 29284.778 1.012 1968.4220817908274 10967
