0 2.4 64.03116666666668 81.94488014750458 232.352 6.277 0 0
10 8.3 58.67439759036145 87.4631727601718 366.845 4.021 64.03116666666668 24
20 9.6 49.66472916666667 76.50923254030076 366.845 3.955 59.875915887850475 107
30 6.1 40.19196721311477 68.53694527435484 366.845 3.955 55.046980295566506 203
40 12.5 62.07199200000001 94.36680750420635 487.229 3.955 51.614571969696975 264
50 16.4 108.89613414634151 166.2996914736708 883.269 3.955 54.97492544987147 389
60 15 67.02944000000002 100.84431552120193 883.269 3.875 70.96602531645573 553
70 24.5 511.8322408163265 549.6960927434052 2357.943 3.875 70.12607112375537 703
80 33.4 537.0448502994017 503.3111778206509 2357.943 3.875 184.2800917721519 948
90 40.3 278.79640446650126 437.3741810031221 2357.943 3.875 276.1860429017162 1282
100 26.4 1313.2621780303032 719.3326399577232 3225.159 3.875 276.81036083086065 1685
110 28 3961.515539285716 544.6891196099491 5356.128 3.875 417.2019871729093 1949
120 51 2769.8994019607867 3058.7396457924706 8488.3 0.354 862.427556751907 2229
130 115.7 1857.5800406223018 3202.9938538988313 9193.6 0.34 1217.5975607886096 2739
140 123.4 1550.6588630469998 2690.9967252293586 9193.6 0.331 1407.6539594455865 3896
150 151.5 1335.0958217821806 2559.8215736951734 9193.6 0.331 1442.0531896686166 5130
160 250.4 693.2209728434498 1731.2009758041365 9193.6 0.331 1417.667875545524 6645
170 265.9 774.7473685596088 2118.626997150436 9193.6 0.331 1219.3931958684016 9149
180 295.1 659.502206370723 1790.897727586923 9193.6 0.331 1119.2650408197837 11808
190 469.8 369.4329284802034 1426.4663656970217 9193.6 0.324 1027.337395013213 14759
200 515 390.03691941747627 1596.5396476903602 9193.6 0.324 868.4827317160921 19457
210 399.9 486.81074493623345 1573.673899519231 9193.6 0.324 768.3487887999352 24607
220 73 2952.93166164384 3302.2022534919893 9193.6 0.324 728.9909394882193 28606
230 52 869.5008423076906 1304.9910444779953 9193.6 0.324 784.331706026725 29336
