10 0.9 7098.165555555555 433.72147553959894 7872.769 6404.335 0 0
20 1.4 7798.879571428572 1177.0388144318968 9869.261 5984.301 7098.165555555555 9
30 0.8 7014.6495 1911.8737817901317 9869.261 4770.706 7524.687130434782 23
40 1.5 7065.9626 1350.257757298302 9869.261 4770.706 7393.064516129032 31
50 1.6 7857.755999999999 1350.0436828731226 10876.827 4770.706 7286.400847826088 46
60 1.9 8297.216263157892 1359.692355573934 10876.827 4770.706 7433.847338709678 62
70 1.8 8802.562444444446 1603.9927097680068 12289.792 4770.706 7636.365975308641 81
80 4.4 11331.247227272725 2122.184269116341 17027.524 4770.706 7848.401696969696 99
90 5.4 10300.84388888889 2238.006185812925 17027.524 4770.706 8920.046475524474 143
100 1.5 11316.155200000001 2085.855837919044 17027.524 4770.706 9298.539167512688 197
110 1 19341.9727 3618.9151206996853 23685.285 4770.706 9441.295018867922 212
120 3.4 21806.337382352936 6623.019467107492 32241.078 4770.706 9887.27149099099 222
130 12.2 20244.803237704935 11056.766980314867 39073.534 4480.578 11470.272429687499 256
140 15.1 20547.322238410623 12651.0609705557 46159.234 4480.578 14302.263854497358 378
150 16.8 20090.936339285712 13624.615570453605 50198.721 4465.535 16084.879763705114 529
160 30 14835.952389999995 11400.214819585171 55294.997 4169.999 17050.471592539463 697
170 32.6 13042.298199386501 8970.423477127664 55552.864 4169.999 16384.116767301908 997
180 34.5 13793.103536231873 9263.010889418209 60115.466 4169.999 15560.660340136057 1323
190 51.5 10384.669031067955 6859.231173573881 60115.466 4169.999 15195.068555155874 1668
200 66.3 10015.94456410257 6119.549191419603 60115.466 4169.999 14060.228539166283 2183
210 57.8 10477.225064013846 6655.516590816235 60115.466 4169.999 13118.078055867885 2846
220 14.9 15578.55863758389 8039.140260940899 60115.466 4169.999 12672.279858060749 3424
230 15.9 24406.773578616336 5803.1686876728 60115.466 4169.999 12793.47648222782 3573
