0 9.26875 9.26875
10 39.91953125 49.18828125
20 49.04453125 98.2328125
30 28.884375 127.1171875
40 61.01875 188.1359375
50 78.0765625 266.2125
60 75.46875 341.68125
70 113.64453125 455.32578125
80 172.4484375 627.77421875
90 188.11640625 815.890625
100 149.43984375 965.33046875
110 145.571875 1110.90234375
120 216.36171875 1327.2640625
130 408.7109375 1735.975
140 423.43828125 2159.41328125
150 468.40234375 2627.815625
160 680.36640625 3308.18203125
170 709.7296875 4017.91171875
180 745.1 4763.01171875
190 1050.18203125 5813.19375
200 1135.15390625 6948.34765625
210 962.74921875 7911.096875
220 298.52890625 8209.62578125
230 213.54609375 8423.171875
