0 1004.39765625 1004.39765625
10 2767.2875 3771.68515625
20 2760.05234375 6531.7375
30 1767.846875 8299.584375
40 4027.18203125 12326.76640625
50 5776.81640625 18103.5828125
60 4529.8703125 22633.453125
70 8780.1765625 31413.6296875
80 11038.44453125 42452.07421875
90 11086.56875 53538.64296875
100 9553.05625 63091.69921875
110 12288.73125 75380.43046875
120 7373.95234375 82754.3828125
130 14733.2125 97487.5953125
140 8551.034375 106038.6296875
150 12352.1328125 118390.7625
160 9143.084375 127533.846875
170 9902.33203125 137436.17890625
180 10483.71171875 147919.890625
190 9411.40859375 157331.29921875
200 11242.178125 168573.47734375
210 8529.115625 177102.59296875
220 12865.89140625 189968.484375
230 3186.71640625 193155.20078125
