0 0.7 3.2221428571428574 4.737956293248672 14.823 1.191 0 0
10 0.7 1.4248571428571428 0.5669407700410105 14.823 1.115 3.2221428571428574 7
20 1 1.246 0.21216031674184505 14.823 1.093 2.3235 14
30 2.2 1.1970454545454545 0.1433823487528513 14.823 1.059 1.8745416666666668 24
40 2.1 1.1890952380952382 0.10960009765459015 14.823 1.046 1.5505217391304351 46
50 1.1 1.2996363636363637 0.3659325006627893 14.823 1.046 1.4372388059701495 67
60 4.9 1.887285714285715 3.631252979906747 25.79 0.959 1.4178333333333337 78
70 3.7 1.1478108108108107 0.07553801185150243 25.79 0.955 1.5989606299212604 127
80 4.2 1.1517857142857142 0.10578944400357268 25.79 0.955 1.497176829268293 164
90 4.7 1.1653404255319155 0.09941044865579564 25.79 0.955 1.4267572815533982 206
100 5.3 1.2410943396226417 0.34828275566339545 25.79 0.955 1.3781936758893283 253
110 7.3 1.3693835616438355 1.3318490661753855 25.79 0.861 1.354447712418301 306
120 14.1 1.4193262411347536 2.139206588840109 25.983 0.861 1.3573245382585757 379
130 14.5 1.2184482758620692 0.4296557231412864 25.983 0.861 1.3741365384615392 520
140 16.3 1.2066196319018412 0.42577313594867633 25.983 0.861 1.3401894736842113 665
150 26.4 1.2215189393939396 0.5670048564316333 25.983 0.861 1.3138949275362326 828
160 31 1.1808064516129024 0.5027641670806623 25.983 0.861 1.2915622710622716 1092
170 30.3 1.2468679867986792 0.5904382796791452 25.983 0.861 1.2670727532097006 1402
180 54.7 1.3034021937842768 1.463085033859043 25.983 0.861 1.26348211143695 1705
190 64.6 1.1595077399380822 0.47436591449842413 25.983 0.861 1.273178507992895 2252
200 69.8 1.1814283667621805 0.6735875968271223 25.983 0.726 1.2478398895790201 2898
210 103.1 1.1318147429679943 0.48607181119772314 25.983 0.726 1.2349491101223589 3596
220 125.4 1.1091858054226484 0.4164585576370547 25.983 0.726 1.2119684460773728 4627
230 115.1 1.1435421372719359 0.4538768569873606 25.983 0.726 1.1900522020064623 5881
240 33.5 1.2283074626865675 0.7145740101028427 25.983 0.726 1.1824394197952222 7032
250 0 0 0 25.983 0.726 1.1845251798561154 7367
260 0 0 0 25.983 0.726 1.1845251798561154 7367
