0 0.1 4.742299064397877 0 4.742299064397877 4.742299064397877 0 0
10 0.1 0.5497251374312844 0.0 4.742299064397877 0.5497251374312844 4.742299064397877 1
20 0.1 0.25037556334501754 0.0 4.742299064397877 0.25037556334501754 2.646012100914581 2
30 0.1 0.10015022533800699 0.0 4.742299064397877 0.10015022533800699 1.8474665883913932 3
40 0.1 0.4502251125562781 0.0 4.742299064397877 0.10015022533800699 1.4106374976280467 4
50 0.1 0.2004008016032064 0.0 4.742299064397877 0.10015022533800699 1.2185550206136928 5
60 0.1 0.35052578868302453 0.0 4.742299064397877 0.10015022533800699 1.0488626507786116 6
70 0.1 0.6509764646970456 0.0 4.742299064397877 0.10015022533800699 0.9491002419078135 7
80 0.1 2.3976023976023977 0.0 4.742299064397877 0.10015022533800699 0.9118347697564675 8
90 0.1 0.8512769153730596 0.0 4.742299064397877 0.10015022533800699 1.0769200617393486 9
100 0.1 0.8521303258145364 0.0 4.742299064397877 0.10015022533800699 1.0543557471027198 10
110 0.1 1.0015022533800702 0.0 4.742299064397877 0.10015022533800699 1.0359716178947034 11
120 0.1 1.5453639082751744 0.0 4.742299064397877 0.10015022533800699 1.0330991708518173 12
130 0.1 2.1521521521521523 0.0 4.742299064397877 0.10015022533800699 1.0725041506536142 13
140 0.1 3.460381143430291 0.0 4.742299064397877 0.10015022533800699 1.1496218650463668 14
150 0.1 2.6606425702811247 0.0 4.742299064397877 0.10015022533800699 1.3036724836052949 15
160 0.1 7.15736040609137 0.0 7.15736040609137 0.10015022533800699 1.3884831140225344 16
170 0.1 7.664793050587634 0.0 7.664793050587634 0.10015022533800699 1.7278288370854071 17
180 0.1 7.7311773623041935 0.0 7.7311773623041935 0.10015022533800699 2.0576601822799754 18
190 0.1 7.409326424870466 0.0 7.7311773623041935 0.10015022533800699 2.356266349649671 19
200 0.1 9.354005167958658 0.0 9.354005167958658 0.10015022533800699 2.6089193534107107 20
210 0.1 9.105180533751962 0.0 9.354005167958658 0.10015022533800699 2.930113916008232 21
220 0.1 15.561497326203208 0.0 15.561497326203208 0.10015022533800699 3.2107987622693104 22
230 0.1 19.07608695652174 0.0 19.07608695652174 0.10015022533800699 3.747785656353393 23
240 0.1 18.66235167206041 0.0 19.07608695652174 0.10015022533800699 4.386464877193741 24
250 0.1 19.58656330749354 0.0 19.58656330749354 0.10015022533800699 4.9575003489884075 25
260 0.1 2.5100401606425704 0.0 19.58656330749354 0.10015022533800699 5.52015661662322 26
