0 0.1 691.53125 0 691.53125 691.53125 0 0
10 0.1 691.93359375 0.0 691.93359375 691.53125 691.53125 1
20 0.1 687.93359375 0.0 691.93359375 687.93359375 691.732421875 2
30 0.1 688.41015625 0.0 691.93359375 687.93359375 690.4661458333334 3
40 0.1 683.640625 0.0 691.93359375 683.640625 689.9521484375 4
50 0.1 684.73828125 0.0 691.93359375 683.640625 688.68984375 5
60 0.1 688.37109375 0.0 691.93359375 683.640625 688.03125 6
70 0.1 678.28125 0.0 691.93359375 678.28125 688.0797991071429 7
80 0.1 681.48828125 0.0 691.93359375 678.28125 686.85498046875 8
90 0.1 680.984375 0.0 691.93359375 678.28125 686.2586805555555 9
100 0.1 674.20703125 0.0 691.93359375 674.20703125 685.73125 10
110 0.1 679.25390625 0.0 691.93359375 674.20703125 684.68359375 11
120 0.1 674.03515625 0.0 691.93359375 674.03515625 684.2311197916666 12
130 0.1 655.58984375 0.0 691.93359375 655.58984375 683.4468149038462 13
140 0.1 647.625 0.0 691.93359375 647.625 681.45703125 14
150 0.1 645.203125 0.0 691.93359375 645.203125 679.2015625 15
160 0.1 611.37109375 0.0 691.93359375 611.37109375 677.07666015625 16
170 0.1 611.51171875 0.0 691.93359375 611.37109375 673.2116268382352 17
180 0.1 620.18359375 0.0 691.93359375 611.37109375 669.7838541666666 18
190 0.1 522.48046875 0.0 691.93359375 522.48046875 667.1733141447369 19
200 0.1 395.11328125 0.0 691.93359375 395.11328125 659.938671875 20
210 0.1 291.49609375 0.0 691.93359375 291.49609375 647.3279389880952 21
220 0.1 242.9609375 0.0 691.93359375 242.9609375 631.1537642045454 22
230 0.1 249.23828125 0.0 691.93359375 242.9609375 614.2758152173913 23
240 0.1 250.09765625 0.0 691.93359375 242.9609375 599.0659179687499 24
250 0.1 613.26953125 0.0 691.93359375 242.9609375 585.1071874999999 25
260 0.1 666.9609375 0.0 691.93359375 242.9609375 586.1903545673076 26
