0 1.2 2.232 3.5850201766052403 14.121 1.06 0 0
10 0.9 1.219111111111111 0.14146962331535223 14.121 1.011 2.232 12
20 0.9 1.1592222222222222 0.07168104937503482 14.121 1.011 1.797904761904762 21
30 1.8 1.3401666666666667 0.314985934430236 14.121 1.011 1.6063 30
40 2.2 1.2340454545454547 0.10885289375730367 14.121 1.011 1.5065 48
50 1.4 1.3109285714285714 0.2757559646513858 14.121 1.011 1.4208714285714286 70
60 3.5 1.7135428571428577 1.7563495965513591 14.121 1.011 1.402547619047619 84
70 4.1 1.2050731707317077 0.13029841738437695 14.121 0.969 1.494016806722689 119
80 3.4 1.3360588235294115 0.47202541937886394 14.121 0.969 1.4199750000000002 160
90 8.5 1.2213647058823527 0.1838430178845896 14.121 0.969 1.4052680412371135 194
100 6.5 1.2253538461538458 0.3616113694081079 14.121 0.969 1.3492401433691756 279
110 8 1.271075 0.41602228831518145 14.121 0.969 1.325831395348837 344
120 13.9 1.3605827338129488 1.3200168513164643 14.121 0.932 1.3155 424
130 16.4 1.2502134146341457 0.7678350128075812 14.121 0.896 1.3266305506216693 563
140 17.7 1.220937853107344 0.35396804985556907 14.121 0.896 1.3093920220082527 727
150 22.6 1.3039955752212398 0.5287151105482178 14.121 0.872 1.2920730088495571 904
160 31.3 1.2512683706070291 0.6700743591774406 14.121 0.872 1.2944575221238936 1130
170 32.3 1.1550278637770888 0.3504346560202324 14.121 0.871 1.285089397089397 1443
180 53.4 1.1814588014981278 0.6342277804670552 14.121 0.855 1.261301245753114 1766
190 60 1.148319999999999 0.44870966589395705 14.121 0.855 1.2427639130434782 2300
200 63.7 1.1670376766091048 0.5489068387037674 14.121 0.855 1.223223793103448 2900
210 103 1.206715533980583 0.6153652934004333 14.121 0.855 1.2131048911506923 3537
220 129.9 1.1313394919168591 0.6307331116323012 14.121 0.855 1.2116638931464854 4567
230 126.2 1.1039080824088738 0.5937131707403721 14.121 0.808 1.193876406409819 5866
240 27.4 1.1361788321167872 0.5835595411713074 14.121 0.808 1.177947671156004 7128
248 0 0 0 14.121 0.808 1.1764015131045658 7402
