0 0.1 2.285558201381825 0 2.285558201381825 2.285558201381825 0 0
10 0.1 0.5519317611640743 0.0 2.285558201381825 0.5519317611640743 2.285558201381825 1
20 0.1 0.49975012493753124 0.0 2.285558201381825 0.49975012493753124 1.4187449812729496 2
30 0.1 0.3001500750375188 0.0 2.285558201381825 0.3001500750375188 1.1124133624944768 3
40 0.1 0.65 0.0 2.285558201381825 0.3001500750375188 0.9093475406302373 4
50 0.1 0.798801797304044 0.0 2.285558201381825 0.3001500750375188 0.8574780325041897 5
60 0.1 0.6503251625812907 0.0 2.285558201381825 0.3001500750375188 0.8476986599708322 6
70 0.1 1.2018027040560841 0.0 2.285558201381825 0.3001500750375188 0.8195024460580405 7
80 0.1 1.2518778167250877 0.0 2.285558201381825 0.3001500750375188 0.867289978307796 8
90 0.1 0.8504252126063032 0.0 2.285558201381825 0.3001500750375188 0.9100219603541616 9
100 0.1 1.3533834586466165 0.0 2.285558201381825 0.3001500750375188 0.9040622855793758 10
110 0.1 1.7008504252126064 0.0 2.285558201381825 0.3001500750375188 0.944909664949125 11
120 0.1 1.7017017017017018 0.0 2.285558201381825 0.3001500750375188 1.0079047283044151 12
130 0.1 1.6541353383458646 0.0 2.285558201381825 0.3001500750375188 1.0612737262580525 13
140 0.1 3.0545818728092136 0.0 3.0545818728092136 0.3001500750375188 1.1036209842643248 14
150 0.1 2.679474216380182 0.0 3.0545818728092136 0.3001500750375188 1.2336850435006506 15
160 0.1 4.597701149425287 0.0 4.597701149425287 0.3001500750375188 1.3240468668056213 16
170 0.1 5.390428211586902 0.0 5.390428211586902 0.3001500750375188 1.5166147657832487 17
180 0.1 4.742684157416751 0.0 5.390428211586902 0.3001500750375188 1.7318266238834517 18
190 0.1 7.892057026476579 0.0 7.892057026476579 0.3001500750375188 1.8902928098588887 19
200 0.1 9.620253164556962 0.0 9.620253164556962 0.3001500750375188 2.190381020689773 20
210 0.1 10.355329949238579 0.0 10.355329949238579 0.3001500750375188 2.54418445611202 21
220 0.1 16.40506329113924 0.0 16.40506329113924 0.3001500750375188 2.8992365239814095 22
230 0.1 19.460010188487008 0.0 19.460010188487008 0.3001500750375188 3.4864463834230546 23
240 0.1 18.93551688843398 0.0 19.460010188487008 0.3001500750375188 4.1520115419673855 24
248 0.1 5.315947843530592 0.0 19.460010188487008 0.3001500750375188 4.743351755826049 25
