0 0.1 660.78125 0 660.78125 660.78125 0 0
10 0.1 659.76171875 0.0 660.78125 659.76171875 660.78125 1
20 0.1 657.01953125 0.0 660.78125 657.01953125 660.271484375 2
30 0.1 657.8046875 0.0 660.78125 657.01953125 659.1875 3
40 0.1 655.28515625 0.0 660.78125 655.28515625 658.841796875 4
50 0.1 654.3125 0.0 660.78125 654.3125 658.13046875 5
60 0.1 653.5703125 0.0 660.78125 653.5703125 657.494140625 6
70 0.1 646.39453125 0.0 660.78125 646.39453125 656.93359375 7
80 0.1 646.10546875 0.0 660.78125 646.10546875 655.6162109375 8
90 0.1 646.79296875 0.0 660.78125 646.10546875 654.5594618055555 9
100 0.1 634.08203125 0.0 660.78125 634.08203125 653.7828125 10
110 0.1 604.35546875 0.0 660.78125 604.35546875 651.9918323863636 11
120 0.1 599.95703125 0.0 660.78125 599.95703125 648.0221354166666 12
130 0.1 590.7265625 0.0 660.78125 590.7265625 644.3248197115385 13
140 0.1 589.5078125 0.0 660.78125 589.5078125 640.4963727678571 14
150 0.1 587.34765625 0.0 660.78125 587.34765625 637.0971354166667 15
160 0.1 579.6953125 0.0 660.78125 579.6953125 633.98779296875 16
170 0.1 578.11328125 0.0 660.78125 578.11328125 630.7941176470588 17
180 0.1 581.0546875 0.0 660.78125 578.11328125 627.8674045138889 18
190 0.1 580.59375 0.0 660.78125 578.11328125 625.4035773026316 19
200 0.1 576.2890625 0.0 660.78125 576.2890625 623.1630859375 20
210 0.1 572.984375 0.0 660.78125 572.984375 620.9309895833334 21
220 0.1 564.13671875 0.0 660.78125 564.13671875 618.7515980113636 22
230 0.1 553.6875 0.0 660.78125 553.6875 616.3770380434783 23
240 0.1 560.453125 0.0 660.78125 553.6875 613.7649739583334 24
248 0.1 558.34765625 0.0 660.78125 553.6875 611.6325 25
