0 0.1 0.0 0 0.0 0.0 0 0
10 0.1 0.0 0.0 0.0 0.0 0.0 1
20 0.1 0.0 0.0 0.0 0.0 0.0 2
30 0.1 0.0 0.0 0.0 0.0 0.0 3
40 0.1 0.0 0.0 0.0 0.0 0.0 4
50 0.1 0.0 0.0 0.0 0.0 0.0 5
60 0.1 0.0 0.0 0.0 0.0 0.0 6
70 0.1 0.0 0.0 0.0 0.0 0.0 7
80 0.1 0.0 0.0 0.0 0.0 0.0 8
90 0.1 0.0 0.0 0.0 0.0 0.0 9
100 0.1 0.0 0.0 0.0 0.0 0.0 10
110 0.1 0.0 0.0 0.0 0.0 0.0 11
120 0.1 0.0 0.0 0.0 0.0 0.0 12
130 0.1 0.0 0.0 0.0 0.0 0.0 13
140 0.1 0.0 0.0 0.0 0.0 0.0 14
150 0.1 0.0 0.0 0.0 0.0 0.0 15
160 0.1 0.0 0.0 0.0 0.0 0.0 16
170 0.1 0.0 0.0 0.0 0.0 0.0 17
180 0.1 0.1484375 0.0 0.1484375 0.0 0.0 18
190 0.1 0.12109375 0.0 0.1484375 0.0 0.0078125 19
200 0.1 0.1015625 0.0 0.1484375 0.0 0.0134765625 20
210 0.1 0.08984375 0.0 0.1484375 0.0 0.017671130952380952 21
220 0.1 0.0703125 0.0 0.1484375 0.0 0.020951704545454544 22
230 0.1 0.2109375 0.0 0.2109375 0.0 0.02309782608695652 23
240 0.1 0.1796875 0.0 0.2109375 0.0 0.030924479166666668 24
248 0.1 0.21875 0.0 0.21875 0.0 0.036875 25
