0 3.2 155.257375 170.2858214039982 583.06 8.539 0 0
10 2.8 133.9203214285714 182.83377233472675 745.491 8.329 155.257375 32
20 2.9 125.14555172413792 146.0425048391584 745.491 7.814 145.30008333333333 60
30 5 143.58308000000005 154.85158029453106 745.491 7.814 138.73287640449436 89
40 6.8 139.08467647058822 170.00755555705032 745.491 7.719 140.47755395683453 139
50 4 121.573925 132.98874726765183 745.491 7.719 140.01999033816423 207
60 8.5 235.75174117647063 306.2936785795102 1499.729 7.447 137.0327732793522 247
70 13.1 210.97325190839712 273.30452160054534 1499.729 7.159 162.30720783132531 332
80 11.4 343.00696491228047 479.45883660737064 2156.193 7.159 176.07665010799144 463
90 11.4 649.6493771929821 762.9155545951678 5049.07 7.159 209.05768284228768 577
100 13 4087.6438384615385 3490.5389963471057 12456.278 7.159 281.7457481910275 691
110 19.1 5793.429115183253 4317.574652738526 14506.734 7.159 884.384909866017 821
120 24.1 4261.148170124476 4479.819315011295 16732.982 1.309 1810.8942411067205 1012
130 52.1 3066.5822399232243 5226.867030159104 22720.147 1.251 2282.1721316839585 1253
140 54.3 4141.295788213634 6273.353664579931 23281.044 1.251 2512.542856820744 1774
150 67 3018.201585074624 5171.220039873389 23831.907 1.232 2894.2488739749692 2317
160 91.3 2106.543168674701 4308.26088390986 23831.907 1.21 2922.052126883161 2987
170 98.4 2155.115142276424 4311.136015230841 23831.907 1.21 2731.1393887179497 3900
180 152.8 1312.4131459424098 3162.525427438242 23831.907 1.179 2615.0853636363645 4884
190 182.1 1062.7907594728188 2852.442094827703 23831.907 1.179 2304.6544296631328 6412
200 189.9 1041.7994776197997 2525.1730934104958 23831.907 1.179 2029.9752430462784 8233
210 297.7 684.0074161907966 2101.21555162703 23831.907 1.179 1844.7654346624568 10132
220 388.7 533.1157527656331 1718.0255420163937 23831.907 1.179 1581.1620613319103 13109
230 378.9 475.9177112694632 1572.887578394625 23831.907 1.179 1341.4729579312796 16996
240 126.2 1435.560981774961 2766.7809314285446 23831.907 1.179 1183.686629829205 20785
248 15.9 2755.704264150943 3832.6838688500006 23831.907 1.179 1198.1042572685637 22047
