0 10 49.59678000000001 77.0040891940915 267.689 6.996 0 0
10 8.1 49.11951851851851 91.76490985700619 447.775 6.825 49.59678000000001 100
20 8.7 38.945425287356315 68.12256689024339 447.775 6.692 49.383198895027625 181
30 15.4 46.54533116883116 74.31823039689112 447.775 6.692 45.99481716417911 268
40 20.2 46.751633663366356 76.75505138235125 447.775 6.692 46.19571563981043 422
50 12.2 39.77536885245901 69.57588487461199 447.775 6.692 46.375676282051295 624
60 26.2 96.82634351145035 151.7325374574582 980.327 6.692 45.29626943699733 746
70 38.5 58.462779220779225 90.13863348294133 980.327 6.558 58.68999900793651 1008
80 34.3 113.19522448979605 172.90773066251893 1014.431 6.558 58.62719956927494 1393
90 33.2 405.0144578313256 459.98633028779653 2601.027 6.558 69.40878513824887 1736
100 46.9 1889.9669765458402 673.0692724427489 4095.616 6.558 123.28745212765965 2068
110 56.8 1946.0759771126761 447.7722734771185 4095.616 6.558 449.88291801340137 2537
120 72.2 1850.655707756235 1515.601551867595 4532.421 0.566 723.5826466988726 3105
130 168.2 1265.55286682521 2123.2999793067943 6637.904 0.561 936.2157143977007 3827
140 159.3 1130.4283709981137 1496.0207755665074 6637.904 0.561 1036.7684626974049 5509
150 200.2 993.3282602397584 1653.1981352840826 6637.904 0.556 1057.7766623486339 7102
160 277 669.8042129963884 1382.0903162287746 6637.904 0.554 1043.6042435193315 9104
170 296.4 661.1278582995933 1397.4313763062812 6637.904 0.554 956.4031247262919 11874
180 464 422.5784696120698 1131.4267231719462 6637.904 0.549 897.4197112144484 14838
190 545.1 339.5201827187664 1003.1477476126387 6637.904 0.549 784.3042290789604 19478
200 569.1 343.0799903356155 971.3593586741142 6637.904 0.546 687.0473059488942 24929
210 908.4 209.91509489211697 817.3835488241722 6637.904 0.546 623.117913618549 30620
220 1164.5 171.9537523400592 733.544416507097 6637.904 0.546 528.5799727231504 39704
230 1135.4 162.10399991192486 716.2571721463626 6637.904 0.546 447.7037660519183 51349
240 358.3 543.67287831426 1151.6758113373076 6637.904 0.546 395.9885411862263 62703
248 33.2 216.5145421686747 373.586168355499 6637.904 0.546 403.971418112421 66286
