0 0.8 2340.35675 435.8643327888135 3135.487 1573.404 0 0
10 1.1 2289.092272727273 590.8324452360862 3306.712 1360.469 2340.35675 8
20 1 2515.1253 586.8143267555847 3398.668 1360.469 2310.677315789474 19
30 1.4 2357.946571428572 457.05636841371177 3398.668 1360.469 2381.1766206896555 29
40 2.4 2285.6200416666657 615.0458795212272 3476.055 1360.469 2373.6133488372097 43
50 1.3 2620.4608461538464 523.9500539999893 3476.055 1360.469 2342.093358208955 67
60 2.4 2515.412083333334 542.9925800021671 3631.434 1360.469 2387.3280750000004 80
70 4.5 2548.9629333333332 797.4792097643508 4065.546 1360.469 2416.8859230769235 104
80 4 2984.660275 903.3937845980287 5200.669 1360.469 2456.7749530201345 149
90 2.2 3672.310363636364 1279.6227974378564 6494.206 1360.469 2568.4967142857145 189
100 1.8 10438.813944444444 2994.027281308766 14976.093 1360.469 2683.5862890995263 211
110 5.3 17771.566622641505 1717.5067022559792 21325.444 1360.469 3293.167502183406 229
120 5.9 18264.038322033903 6126.674349913121 23638.65 1268.567 6014.285067375886 282
130 16.3 10748.951196319022 9536.568942616734 29526.001 1023.594 8133.743841642228 341
140 18 13716.875566666662 9939.832528133076 32615.128 1023.594 8979.535109126984 504
150 21 12108.263966666667 10747.95894806888 35655.799 1023.594 10226.203650584794 684
160 30.2 8653.963410596023 8362.960973069597 37968.624 1023.594 10668.298355704695 894
170 31.2 8670.8561826923 8383.777879739228 37968.624 1016.51 10159.661939799329 1196
180 48.3 6605.446706004146 7202.481893007237 37968.624 1016.51 9851.63316246684 1508
190 61.1 5207.051908346972 5306.454223875397 37968.624 1010.169 9064.135393269711 1991
200 62.5 5283.311512000003 5389.872285409378 37968.624 1010.169 8158.41748039969 2602
210 92.8 4174.5194482758625 4237.864462451793 37968.624 1010.169 7601.571731949177 3227
220 128.1 3718.828138953944 3398.5960076353454 37968.624 1009.239 6836.155481829121 4155
230 126.2 3417.7697614896997 2938.0458590332696 37968.624 1009.239 6101.553508646062 5436
240 61.4 4830.8716140065135 3940.0652806356484 37968.624 1009.239 5595.889864437146 6698
248 9 12684.756911111113 2574.6473797793296 37968.624 1009.239 5531.650093408096 7312
