0 44.4515625 44.4515625
10 37.02421875 81.47578125
20 38.8359375 120.31171875
30 68.653125 188.96484375
40 91.00078125 279.965625
50 54.61640625 334.58203125
60 119.6125 454.19453125
70 171.74609375 625.940625
80 153.34296875 779.28359375
90 162.84609375 942.1296875
100 221.684375 1163.8140625
110 265.24609375 1429.06015625
120 262.68984375 1691.75
130 452.75390625 2144.50390625
140 459.7125 2604.21640625
150 484.86171875 3089.078125
160 608.81328125 3697.89140625
170 657.56328125 4355.4546875
180 869.128125 5224.5828125
190 981.7109375 6206.29375
200 1067.54921875 7273.84296875
210 1519.02890625 8792.871875
220 1851.7390625 10644.6109375
230 1747.00546875 12391.61640625
240 719.3484375 13110.96484375
248 123.19453125 13234.159375
