0 304.6875 304.6875
10 213.778125 518.465625
20 256.01171875 774.47734375
30 460.446875 1234.92421875
40 573.41640625 1808.340625
50 359.70234375 2168.04296875
60 752.11015625 2920.153125
70 1110.35546875 4030.50859375
80 983.56875 5014.07734375
90 842.69140625 5856.76875
100 1358.534375 7215.303125
110 1640.44453125 8855.74765625
120 1238.58515625 10094.3328125
130 1489.91015625 11584.24296875
140 1901.1578125 13485.40078125
150 1736.26484375 15221.665625
160 1881.92421875 17103.58984375
170 1904.3625 19007.95234375
180 2447.51015625 21455.4625
190 2615.81171875 24071.27421875
200 2926.7921875 26998.06640625
210 3649.05234375 30647.11875
220 4455.27265625 35102.39140625
230 4192.38203125 39294.7734375
240 2909.55859375 42204.33203125
248 752.4171875 42956.74921875
