0 0.8 5.332125 10.301508644823585 32.584 1.27 0 0
10 1 1.3031000000000001 0.057420292580236836 32.584 1.231 5.332125 8
20 1 1.3804 0.22338316856916499 32.584 1.183 3.093777777777778 18
30 1.1 1.3459999999999999 0.1411665682801704 32.584 1.183 2.481857142857143 28
40 1.8 1.4955 0.4872662117478607 32.584 1.108 2.1614871794871795 39
50 1.9 1.4709999999999999 0.32570021734556354 32.584 1.091 1.9511754385964912 57
60 3.4 1.6746176470588232 1.5074690322583724 32.584 1.091 1.8311315789473683 76
70 4.7 1.3662978723404258 0.1789346623763221 32.584 1.091 1.7827545454545453 110
80 4.3 1.4719767441860467 0.720771372594799 32.584 1.091 1.6580828025477705 157
90 6.2 1.3830322580645167 0.5840519742598571 32.584 1.059 1.61807 200
100 8.4 1.2911666666666661 0.1241970240933767 32.584 1.059 1.5624503816793893 262
110 8.8 1.4569772727272723 0.6951572251406795 32.584 1.059 1.4965895953757224 346
120 11.2 1.5633392857142867 1.9466378779172948 32.584 1.059 1.4885576036866357 434
130 17.4 1.4332011494252874 0.6942725373299975 32.584 1.01 1.5038974358974357 546
140 14.4 1.4616249999999988 0.6823409346079616 32.584 1.01 1.4868124999999999 720
150 28.1 1.334669039145908 0.43054151213066566 32.584 1.01 1.482614583333333 864
160 28.1 1.5277153024911034 1.1925966454778332 32.584 1.01 1.4463065502183405 1145
170 35 1.4334685714285702 0.7925771619114907 32.584 1.01 1.4623485273492287 1426
180 54 1.4564777777777773 1.7710632424522381 32.584 1.006 1.4566570945945945 1776
190 62.3 1.3523178170144463 0.7673688583744714 32.584 0.996 1.456615284974093 2316
200 60.8 1.3523996710526316 0.6127497877878884 32.584 0.996 1.434506634909833 2939
210 110.4 1.3284121376811602 1.0246364543861517 32.584 0.962 1.4204324781505495 3547
220 121.6 1.237638157894737 0.409672302439499 32.584 0.868 1.3985897656417976 4651
230 125.2 1.2427252396166155 0.4412646864958325 32.584 0.868 1.3652307823419125 5867
238 35.3 1.2330283286118964 0.4625365760492087 32.584 0.868 1.3436860514117157 7119
