0 0.1 9.750593003707712 0 9.750593003707712 9.750593003707712 0 0
10 0.1 0.798801797304044 0.0 9.750593003707712 0.798801797304044 9.750593003707712 1
20 0.1 0.4491017964071856 0.0 9.750593003707712 0.4491017964071856 5.274697400505878 2
30 0.1 0.5982053838484547 0.0 9.750593003707712 0.4491017964071856 3.6661655324729807 3
40 0.1 0.5491762356465303 0.0 9.750593003707712 0.4491017964071856 2.8991754953168494 4
50 0.1 0.7972097658196312 0.0 9.750593003707712 0.4491017964071856 2.4291756433827856 5
60 0.1 0.7972097658196312 0.0 9.750593003707712 0.4491017964071856 2.157181330455593 6
70 0.1 1.345291479820628 0.0 9.750593003707712 0.4491017964071856 1.9628996783647412 7
80 0.1 1.5399900645802287 0.0 9.750593003707712 0.4491017964071856 1.885698653546727 8
90 0.1 1.3406156901688182 0.0 9.750593003707712 0.4491017964071856 1.8472865881060048 9
100 0.1 1.5912481352560914 0.0 9.750593003707712 0.4491017964071856 1.796619498312286 10
110 0.1 2.180376610505451 0.0 9.750593003707712 0.4491017964071856 1.7779493743980865 11
120 0.1 2.4245423057892133 0.0 9.750593003707712 0.4491017964071856 1.8114849774070336 12
130 0.1 3.1620553359683794 0.0 9.750593003707712 0.4491017964071856 1.858643233436432 13
140 0.1 4.213620774130328 0.0 9.750593003707712 0.4491017964071856 1.9517440979029996 14
150 0.1 3.893543617545589 0.0 9.750593003707712 0.4491017964071856 2.102535876318155 15
160 0.1 6.809338521400778 0.0 9.750593003707712 0.4491017964071856 2.21447386014487 16
170 0.1 7.815533980582525 0.0 9.750593003707712 0.4491017964071856 2.484760016689335 17
180 0.1 9.227053140096618 0.0 9.750593003707712 0.4491017964071856 2.780914125794512 18
190 0.1 13.128893148059415 0.0 13.128893148059415 0.4491017964071856 3.1201846002314646 19
200 0.1 16.168800379326694 0.0 16.168800379326694 0.4491017964071856 3.620620027622862 20
210 0.1 15.362731152204837 0.0 16.168800379326694 0.4491017964071856 4.218152425323045 21
220 0.1 23.3953488372093 0.0 23.3953488372093 0.4491017964071856 4.7247241856358535 22
230 0.1 26.124885215794308 0.0 26.124885215794308 0.4491017964071856 5.536490474834699 23
238 0.1 26.813590449954088 0.0 26.813590449954088 0.4491017964071856 6.394340255708016 24
