0 0.1 675.26171875 0 675.26171875 675.26171875 0 0
10 0.1 675.61328125 0.0 675.61328125 675.26171875 675.26171875 1
20 0.1 674.65625 0.0 675.61328125 674.65625 675.4375 2
30 0.1 674.3828125 0.0 675.61328125 674.3828125 675.1770833333334 3
40 0.1 674.296875 0.0 675.61328125 674.296875 674.978515625 4
50 0.1 674.54296875 0.0 675.61328125 674.296875 674.8421875 5
60 0.1 674.43359375 0.0 675.61328125 674.296875 674.7923177083334 6
70 0.1 670.9453125 0.0 675.61328125 670.9453125 674.7410714285714 7
80 0.1 670.390625 0.0 675.61328125 670.390625 674.2666015625 8
90 0.1 670.640625 0.0 675.61328125 670.390625 673.8359375 9
100 0.1 668.18359375 0.0 675.61328125 668.18359375 673.51640625 10
110 0.1 667.89453125 0.0 675.61328125 667.89453125 673.0316051136364 11
120 0.1 669.60546875 0.0 675.61328125 667.89453125 672.603515625 12
130 0.1 668.23828125 0.0 675.61328125 667.89453125 672.3728966346154 13
140 0.1 661.78125 0.0 675.61328125 661.78125 672.0775669642857 14
150 0.1 663.0390625 0.0 675.61328125 661.78125 671.3911458333333 15
160 0.1 653.5546875 0.0 675.61328125 653.5546875 670.869140625 16
170 0.1 647.94140625 0.0 675.61328125 647.94140625 669.8506433823529 17
180 0.1 645.80078125 0.0 675.61328125 645.80078125 668.6334635416666 18
190 0.1 634.06640625 0.0 675.61328125 634.06640625 667.4317434210526 19
200 0.1 622.36328125 0.0 675.61328125 622.36328125 665.7634765625 20
210 0.1 619.34765625 0.0 675.61328125 619.34765625 663.6968005952381 21
220 0.1 556.203125 0.0 675.61328125 556.203125 661.6809303977273 22
230 0.1 544.89453125 0.0 675.61328125 544.89453125 657.0949388586956 23
238 0.1 547.41015625 0.0 675.61328125 544.89453125 652.419921875 24
