0 0.1 0.1015625 0 0.1015625 0.1015625 0 0
10 0.1 0.08984375 0.0 0.1015625 0.08984375 0.1015625 1
20 0.1 0.0703125 0.0 0.1015625 0.0703125 0.095703125 2
30 0.1 0.05859375 0.0 0.1015625 0.05859375 0.08723958333333333 3
40 0.1 0.05078125 0.0 0.1015625 0.05078125 0.080078125 4
50 0.1 0.0390625 0.0 0.1015625 0.0390625 0.07421875 5
60 0.1 0.0390625 0.0 0.1015625 0.0390625 0.068359375 6
70 0.1 0.03125 0.0 0.1015625 0.03125 0.06417410714285714 7
80 0.1 0.01953125 0.0 0.1015625 0.01953125 0.06005859374999999 8
90 0.1 0.01953125 0.0 0.1015625 0.01953125 0.05555555555555555 9
100 0.1 0.01953125 0.0 0.1015625 0.01953125 0.051953125 10
110 0.1 0.01171875 0.0 0.1015625 0.01171875 0.049005681818181816 11
120 0.1 0.01171875 0.0 0.1015625 0.01171875 0.0458984375 12
130 0.1 0.01171875 0.0 0.1015625 0.01171875 0.04326923076923077 13
140 0.1 0.01171875 0.0 0.1015625 0.01171875 0.041015625 14
150 0.1 0.01171875 0.0 0.1015625 0.01171875 0.0390625 15
160 0.1 0.078125 0.0 0.1015625 0.01171875 0.037353515625 16
170 0.1 0.0703125 0.0 0.1015625 0.01171875 0.039751838235294115 17
180 0.1 0.05859375 0.0 0.1015625 0.01171875 0.041449652777777776 18
190 0.1 0.05078125 0.0 0.1015625 0.01171875 0.04235197368421053 19
200 0.1 0.19921875 0.0 0.19921875 0.01171875 0.042773437500000004 20
210 0.1 0.23828125 0.0 0.23828125 0.01171875 0.05022321428571429 21
220 0.1 0.2890625 0.0 0.2890625 0.01171875 0.058771306818181816 22
230 0.1 0.3203125 0.0 0.3203125 0.01171875 0.06878396739130435 23
238 0.1 0.4296875 0.0 0.4296875 0.01171875 0.07926432291666667 24
