0 1.4 67.405 38.06011683414243 176.91 28.403 0 0
10 1.9 36.563842105263156 9.363067959095895 176.91 27.525 67.405 14
20 1.9 33.68226315789473 5.037902830617909 176.91 27.525 49.647969696969696 33
30 2.2 32.68327272727274 4.167438925568929 176.91 27.525 43.81434615384615 52
40 3.6 32.98891666666666 4.326824627156347 176.91 26.358 40.50510810810811 74
50 4 33.62695000000001 9.593870212145877 176.91 21.358 38.045263636363636 110
60 6.2 34.07622580645162 7.904273389754379 176.91 21.358 36.867046666666674 150
70 9.2 34.03064130434783 5.230056595382372 176.91 21.076 36.050863207547174 212
80 8.9 34.17404494382021 6.821592060888064 176.91 21.076 35.439480263157904 304
90 11.5 33.27827826086956 5.166527188754172 176.91 21.076 35.152905852417305 393
100 16.1 33.36363354037264 4.959880285183011 176.91 21.076 34.72853149606299 508
110 18.6 32.53479032258061 6.3851335251077375 176.91 19.777 34.40005829596412 669
120 21 35.3854523809524 7.338622341201378 176.91 19.777 33.99428070175438 855
130 34.6 34.193274566473995 6.43470644531124 176.91 19.777 34.26859624413146 1065
140 29 33.940686206896515 7.923710898407002 176.91 19.42 34.250126151665484 1411
150 50.5 40.13167722772276 13.752425263872277 176.91 19.42 34.197370370370365 1701
160 58.7 37.471819420783596 11.239860933019868 176.91 19.197 35.55585856754306 2206
170 68.1 39.41640088105726 11.968624477926705 176.91 18.978 35.9585327604726 2793
180 100.9 68.4238007928643 46.51551646435254 260.415 18.978 36.63637046632123 3474
190 127.9 81.18793979671632 55.640794299325584 469.954 18.978 43.79084675440554 4483
200 119.3 53.641202849958084 25.01922060795992 469.954 18.978 52.091937001041345 5762
210 168.5 800.8696356083095 663.6019575652904 2252.605 1.574 52.357684543493924 6955
220 242.6 1053.201760511129 665.0121473516707 2303.5 1.493 198.33484166666688 8640
230 250.8 1020.4882683413078 661.3744404122812 2303.5 1.468 385.74737963130315 11066
238 137 1028.9474788321168 626.6398890158655 2303.5 1.468 503.02527479003976 13574
