0 3.6 26.13983333333334 16.365989367350274 83.868 8.369 0 0
10 4.8 14.416750000000002 7.028952872168559 83.868 8.024 26.13983333333334 36
20 4.8 13.273229166666669 2.9796963578496785 83.868 7.891 19.44092857142858 84
30 5.5 13.018636363636361 2.459423978116061 83.868 7.561 17.198128787878794 132
40 9 13.135399999999997 2.531873982294976 83.868 7.561 15.968866310160433 187
50 9.9 13.528575757575755 5.830119190858308 83.868 6.536 15.048245487364623 277
60 15.8 13.293936708860759 4.029567459093673 83.868 6.536 14.648119680851064 376
70 23.1 13.492571428571429 3.226456366736794 83.868 6.145 14.247443820224719 534
80 22.1 13.704972850678729 3.9439292520231986 83.868 6.145 14.019501960784314 765
90 29.2 13.050972602739721 3.4321953395114986 83.868 6.145 13.94900405679513 986
100 40.6 13.175625615763545 3.3614040686948687 83.868 6.05 13.743820031298904 1278
110 46 13.101002173913049 3.918790977317919 83.868 6.05 13.606832541567695 1684
120 53.2 13.91119360902255 4.34597064074988 83.868 6.05 13.498305503731345 2144
130 86.6 13.602846420323315 4.245526870109263 83.868 6.05 13.58038938714499 2676
140 72.4 13.539736187845284 4.8126634105300825 83.868 5.963 13.585880011293051 3542
150 129.5 15.728097297297307 7.788378562710799 83.868 5.963 13.578048757618372 4266
160 145.1 15.00549276361129 6.957006945669306 85.235 5.963 14.078734400287717 5561
170 171.1 15.61481823495033 7.276636160886819 85.235 5.957 14.270509412435821 7012
180 256.1 27.04960093713398 23.801601846055885 187.328 5.957 14.534193052848789 8723
190 318 32.49298018867931 28.126852226347996 214.348 5.846 17.374671570365127 11284
200 299.4 21.33823213092846 14.339727243992039 214.348 5.846 20.69852537334073 14464
210 451.3 322.07399246620906 295.2261769819069 904.586 0.694 20.80823336006416 17458
220 606.5 419.76858516075777 329.0486107835577 928.593 0.684 82.69036757544042 21971
230 627.2 408.4703362563755 327.8448766874179 928.593 0.684 155.61016318305028 28036
238 305.2 429.5193152031464 304.5152425725065 928.593 0.684 201.83667028098358 34308
