0 0.6 2070.255333333333 409.69065977054214 2540.053 1444.311 0 0
10 0.9 2055.139111111111 448.42023655456757 2892.508 1444.311 2070.255333333333 6
20 0.9 1790.168222222222 543.6517690204473 2892.508 1134.281 2061.1856 15
30 1.2 2071.3684166666662 440.40763897769716 2892.508 1134.281 1959.5540833333332 24
40 1.7 2158.004294117647 642.1465338417031 3015.435 1113.659 1996.8255277777773 36
50 2.1 2114.2179999999994 517.0826214050737 3015.435 1113.659 2048.5243773584903 53
60 2.8 1981.1643214285718 491.7007303258801 3015.435 1083.371 2067.1671621621617 74
70 4.6 2227.8339347826077 531.3284830535381 3015.435 1083.371 2043.5585392156859 102
80 4.6 2214.1655652173904 537.4717913123098 3050.072 1083.371 2100.8333243243237 148
90 5.5 2111.7113818181824 561.6917152992052 3050.072 1083.371 2127.7059175257723 194
100 7.5 2133.5047866666678 599.8224202069208 3065.941 1083.371 2124.1729879518066 249
110 9.9 2092.4726969696953 581.4543395431882 3065.941 1071.773 2126.3331265432093 324
120 9.8 1996.599316326531 552.9582026018838 3076.883 1071.773 2118.4083451536635 423
130 17.2 2089.640017441858 578.6462422710549 3076.883 1071.773 2095.496090211132 521
140 14.6 2043.9064931506848 553.8004181751421 3076.883 1071.773 2094.042634920634 693
150 23.8 2025.83005882353 598.6108415806863 3084.117 1071.773 2085.31810965435 839
160 29.4 2016.8587993197286 584.122599582628 3091.021 1071.773 2072.1721894150414 1077
170 33.4 2042.9264940119779 589.6544871758656 3125.392 1071.773 2060.310674690007 1371
180 47.8 2117.0562029288703 574.0488319445393 3196.986 1071.773 2056.905210557185 1705
190 64.7 2166.6136367851605 600.0849708560529 3494.716 1071.773 2070.0761562070547 2183
200 58.6 2097.1809334470995 593.2615134569485 3494.716 1071.773 2092.146739222615 2830
210 72.8 3206.455619505495 1038.0257384713575 5846.833 1037.912 2093.0103334309133 3416
220 121 4140.481848760328 1074.0168621282105 6468.85 1037.912 2288.6155863899617 4144
230 125.5 4036.002199203185 1073.4898109551784 6468.85 1028.476 2707.1359781471792 5354
238 86.3 4168.885825028971 956.6736188619439 6489.564 1028.476 2959.4778010288987 6609
