0 11.2203125 11.2203125
10 15.12109375 26.34140625
20 15.15 41.49140625
30 17.515625 59.00703125
40 28.63359375 87.640625
50 31.79375 119.434375
60 49.60546875 169.03984375
70 73.26796875 242.3078125
80 70.84609375 313.15390625
90 91.96875 405.12265625
100 128.44296875 533.565625
110 147.67265625 681.23828125
120 167.70234375 848.940625
130 275.2671875 1124.2078125
140 230.98359375 1355.19140625
150 408.70625 1763.89765625
160 462.51953125 2226.4171875
170 542.778125 2769.1953125
180 810.77890625 3579.97421875
190 1012.80234375 4592.7765625
200 952.01171875 5544.78828125
210 1379.80625 6924.59453125
220 1651.9828125 8576.57734375
230 1668.7234375 10245.30078125
238 851.7046875 11097.00546875
