0 123.33125 123.33125
10 165.95625 289.2875
20 166.07578125 455.36328125
30 192.275 647.63828125
40 314.19609375 961.834375
50 347.30390625 1309.13828125
60 544.16953125 1853.3078125
70 803.0265625 2656.334375
80 774.0109375 3430.3453125
90 1009.66015625 4440.00546875
100 1409.5796875 5849.58515625
110 1617.56796875 7467.153125
120 1840.653125 9307.80625
130 3021.20703125 12329.01328125
140 2530.68359375 14859.696875
150 4462.375 19322.071875
160 5086.6296875 24408.7015625
170 5947.86015625 30356.56171875
180 8865.834375 39222.39609375
190 11125.734375 50348.13046875
200 10420.82890625 60768.959375
210 12892.0875 73661.046875
220 14129.72734375 87790.77421875
230 14401.434375 102192.20859375
238 8694.165625 110886.37421875
