0 2.4 100.08825 101.47561879430694 235.996 7.578 0 0
10 6.6 85.24024242424242 93.11930005188692 273.815 7.576 100.08825 24
20 2.4 68.37220833333332 81.11703526385973 273.815 7.512 89.19971111111111 90
30 3.6 80.72877777777776 91.10290684931552 273.815 7.512 84.81497368421051 114
40 8.3 106.34120481927711 115.95044314734841 490.047 7.512 83.83428666666666 150
50 11.1 108.56851351351352 122.30839228893439 535.205 6.711 91.85177253218882 233
60 10 190.14728000000005 201.1655217557462 1023.167 6.711 97.24583720930232 344
70 13.2 134.81321212121213 163.9993061327723 1023.167 6.711 118.1695855855856 444
80 15.6 155.93330128205127 175.51022021539563 1052.629 6.125 121.98375 576
90 17.7 286.7955028248586 321.57816629624193 1575.189 6.125 129.21890027322405 732
100 23.6 702.0555423728815 630.8011268219294 3146.304 6.125 159.90213311331132 909
110 23.4 2343.844247863248 1689.9102730077113 7424.979 6.125 271.64728995633186 1145
120 29.1 3417.579951890029 2644.556374292616 10997.863 0.639 623.2746200145033 1379
130 56 2626.9432089285756 3795.304644003347 16218.214 0.631 1110.1865071856278 1670
140 59.4 3975.7334444444423 5231.458073172568 18806.644 0.619 1491.076082511211 2230
150 90.9 2183.4667084708485 3717.3461866436287 18806.644 0.619 2013.698771246459 2824
160 125.7 1578.6945433571998 3189.2060210043724 18806.644 0.615 2055.037923386017 3733
170 136.7 1433.1684608632056 2821.7374465010744 18806.644 0.615 1935.0452122244492 4990
180 198.1 1011.9978470469476 2362.6205242252395 18806.644 0.607 1827.1223682554669 6357
190 261.5 753.5507892925446 1841.0381394740455 18806.644 0.607 1633.4594183257384 8338
200 238.9 807.2262046881519 1968.680465105808 18806.644 0.607 1423.3835427736701 10953
210 379.9 519.7973877336119 1588.5317036391186 18806.644 0.602 1313.0552651026835 13342
220 499 407.10615671342777 1356.548108868217 18806.644 0.602 1137.2436627384632 17141
230 505 392.55761564356567 1185.9280686242607 18806.644 0.602 972.6154870995435 22131
240 234.6 842.5437540494444 1442.05785899045 18806.644 0.602 864.8456386446417 27181
247 14.9 714.538610738255 566.5735825092493 18806.644 0.602 863.0736936024656 29527
