0 3.6 66.68408333333333 94.19515943312555 235.996 6.269 0 0
10 15.3 36.70632679738562 71.68350296653574 248.848 4.881 66.68408333333333 36
20 5.9 27.745932203389824 60.126321234960336 248.848 4.844 42.41637566137566 189
30 7.6 38.17736842105264 73.35668069795798 248.848 4.844 38.92622983870968 248
40 17.9 49.24893296089384 88.87982529591503 460.741 4.733 38.75057098765433 324
50 25.1 47.949605577689226 88.92925157580308 479.507 4.733 42.48656858846918 503
60 18.4 103.28332065217394 128.09111994528502 591.768 4.733 44.30516578249336 754
70 31.9 55.758109717868265 99.97065307092292 591.768 4.733 55.87444136460554 938
80 33.5 72.5066507462686 118.07192473472094 591.768 4.733 55.84491885441525 1257
90 37.2 149.21865053763443 196.9735055171274 1003.308 4.733 59.35099937185926 1592
100 48.3 389.8125051759834 358.97108444669755 1662.537 4.733 76.37277443991852 1964
110 48.3 1482.3025113871627 670.2912773052444 2938.717 4.733 138.24093543114014 2447
120 55.1 1993.48531397459 1107.5420206948827 4272.647 0.632 359.80466962457325 2930
130 118.6 1498.7464080944349 2245.445326155045 6283.505 0.618 618.3964636598675 3481
140 133.1 1734.0562419233631 2096.7275969100806 6618.61 0.608 842.1151339190055 4667
150 187.2 942.610231303421 1452.3270047451088 6618.61 0.608 1040.0433791263747 5998
160 281.1 716.7780629669167 1515.0205157671373 6618.61 0.601 1016.8674130876747 7870
170 305.9 632.5669382151016 1268.4672009331844 6618.61 0.6 937.890616608932 10681
180 409.7 470.7632587258963 1117.9142445956925 6618.61 0.6 869.9149883551672 13740
190 584.4 330.8956045516782 924.6372596506785 6618.61 0.6 778.2333918820426 17837
200 542.5 357.2546385253457 991.9073052333957 6618.61 0.596 667.8393194544151 23681
210 773 248.56277296248103 847.9145412028187 6618.61 0.596 609.950159348588 29106
220 1123.9 177.3866246997064 720.1595384754191 6618.61 0.595 534.1133557660978 36836
230 1135 174.174458325993 664.306129780704 6618.61 0.595 450.7175839417573 48075
240 688.8 274.2197437572571 619.2300517385597 6618.61 0.595 397.89866133782084 59425
247 45.8 116.12747816593891 152.33379373567942 6618.61 0.595 385.0520040565197 66313
