0 15.5890625 15.5890625
10 75.0515625 90.640625
20 29.603125 120.24375
30 36.4890625 156.7328125
40 86.6625 243.3953125
50 123.25234375 366.64765625
60 84.53515625 451.1828125
70 159.646875 610.8296875
80 160.73515625 771.56484375
90 188.03125 959.59609375
100 237.2765625 1196.87265625
110 255.45546875 1452.328125
120 272.7796875 1725.1078125
130 454.64375 2179.7515625
140 527.14921875 2706.90078125
150 667.61953125 3374.5203125
160 838.94453125 4213.46484375
170 934.63671875 5148.1015625
180 1125.11953125 6273.22109375
190 1527.1453125 7800.36640625
200 1421.51953125 9221.8859375
210 1794.82578125 11016.71171875
220 2430.64453125 13447.35625
230 2484.13984375 15931.49609375
240 1912.5234375 17844.01953125
247 192.484375 18036.50390625
