0 0.1 10.83448017014888 0 10.83448017014888 10.83448017014888 0 0
10 0.1 0.25 0.0 10.83448017014888 0.25 10.83448017014888 1
20 0.1 0.35052578868302453 0.0 10.83448017014888 0.25 5.54224008507444 2
30 0.1 0.400200100050025 0.0 10.83448017014888 0.25 3.8116686529439683 3
40 0.1 0.35035035035035034 0.0 10.83448017014888 0.25 2.9588015147204825 4
50 0.1 0.3508771929824561 0.0 10.83448017014888 0.25 2.437111281846456 5
60 0.1 0.5002501250625313 0.0 10.83448017014888 0.25 2.0894056003691226 6
70 0.1 0.4511278195488722 0.0 10.83448017014888 0.25 1.8623833896110382 7
80 0.1 0.75 0.0 10.83448017014888 0.25 1.6859764433532676 8
90 0.1 0.8521303258145364 0.0 10.83448017014888 0.25 1.58197906075846 9
100 0.1 0.8028098344204716 0.0 10.83448017014888 0.25 1.5089941872640678 10
110 0.1 1.053159478435306 0.0 10.83448017014888 0.25 1.4447956097328318 11
120 0.1 1.3486513486513485 0.0 10.83448017014888 0.25 1.412159265458038 12
130 0.1 1.7119838872104733 0.0 10.83448017014888 0.25 1.4072740410882927 13
140 0.1 2.170620898536093 0.0 10.83448017014888 0.25 1.4290390300970197 14
150 0.1 2.8773346794548207 0.0 10.83448017014888 0.25 1.4784778213262912 15
160 0.1 4.964539007092199 0.0 10.83448017014888 0.25 1.5659063749593245 16
170 0.1 7.537688442211055 0.0 10.83448017014888 0.25 1.7658259415553759 17
180 0.1 10.03547896604156 0.0 10.83448017014888 0.25 2.0864849693695806 18
190 0.1 12.80241935483871 0.0 12.80241935483871 0.25 2.5048530744575794 19
200 0.1 16.293279022403258 0.0 16.293279022403258 0.25 3.019731388476636 20
210 0.1 21.531576330183988 0.0 21.531576330183988 0.25 3.6518050853302846 21
220 0.1 30.377266046055855 0.0 30.377266046055855 0.25 4.464521960096362 22
230 0.1 34.713529128550796 0.0 34.713529128550796 0.25 5.591163007311992 23
240 0.1 36.63560568906327 0.0 36.63560568906327 0.25 6.804594929030276 24
250 0.1 26.123876123876123 0.0 36.63560568906327 0.25 7.997835359431594 25
