0 0.1 0.0703125 0 0.0703125 0.0703125 0 0
10 0.1 0.05859375 0.0 0.0703125 0.05859375 0.0703125 1
20 0.1 0.05078125 0.0 0.0703125 0.05078125 0.064453125 2
30 0.1 0.0390625 0.0 0.0703125 0.0390625 0.059895833333333336 3
40 0.1 0.03125 0.0 0.0703125 0.03125 0.0546875 4
50 0.1 0.03125 0.0 0.0703125 0.03125 0.05 5
60 0.1 0.01953125 0.0 0.0703125 0.01953125 0.046875 6
70 0.1 0.01953125 0.0 0.0703125 0.01953125 0.04296875 7
80 0.1 0.01953125 0.0 0.0703125 0.01953125 0.0400390625 8
90 0.1 0.01171875 0.0 0.0703125 0.01171875 0.037760416666666664 9
100 0.1 0.01171875 0.0 0.0703125 0.01171875 0.03515625 10
110 0.1 0.01171875 0.0 0.0703125 0.01171875 0.033025568181818184 11
120 0.1 0.01171875 0.0 0.0703125 0.01171875 0.03125 12
130 0.1 0.01171875 0.0 0.0703125 0.01171875 0.029747596153846152 13
140 0.1 0.0 0.0 0.0703125 0.0 0.028459821428571428 14
150 0.1 0.0 0.0 0.0703125 0.0 0.0265625 15
160 0.1 0.0 0.0 0.0703125 0.0 0.02490234375 16
170 0.1 0.0 0.0 0.0703125 0.0 0.0234375 17
180 0.1 0.0 0.0 0.0703125 0.0 0.022135416666666668 18
190 0.1 0.0 0.0 0.0703125 0.0 0.020970394736842105 19
200 0.1 0.0 0.0 0.0703125 0.0 0.019921875 20
210 0.1 0.078125 0.0 0.078125 0.0 0.018973214285714284 21
220 0.1 0.140625 0.0 0.140625 0.0 0.021661931818181816 22
230 0.1 0.26953125 0.0 0.26953125 0.0 0.026834239130434784 23
240 0.1 0.30859375 0.0 0.30859375 0.0 0.036946614583333336 24
250 0.1 0.26171875 0.0 0.30859375 0.0 0.0478125 25
