0 51.03671875 51.03671875
10 113.8546875 164.89140625
20 122.8453125 287.73671875
30 188.29296875 476.0296875
40 270.678125 746.7078125
50 279.659375 1026.3671875
60 325.009375 1351.3765625
70 441.2796875 1792.65625
80 539.6328125 2332.2890625
90 618.44765625 2950.73671875
100 783.00625 3733.74296875
110 798.96171875 4532.7046875
120 1087.38515625 5620.08984375
130 1264.24921875 6884.3390625
140 1433.7296875 8318.06875
150 1666.028125 9984.096875
160 1600.7171875 11584.8140625
170 1898.06875 13482.8828125
180 2073.83515625 15556.71796875
190 2053.96875 17610.68671875
200 2333.29921875 19943.9859375
210 2737.84375 22681.8296875
220 3278.2140625 25960.04375
230 4006.79140625 29966.83515625
240 3513.0984375 33479.93359375
250 3114.92265625 36594.85625
