0 0.1 683.546875 0 683.546875 683.546875 0 0
10 0.1 680.3125 0.0 683.546875 680.3125 683.546875 1
20 0.1 680.30078125 0.0 683.546875 680.30078125 681.9296875 2
30 0.1 680.6328125 0.0 683.546875 680.30078125 681.38671875 3
40 0.1 679.3828125 0.0 683.546875 679.3828125 681.1982421875 4
50 0.1 677.265625 0.0 683.546875 677.265625 680.83515625 5
60 0.1 677.734375 0.0 683.546875 677.265625 680.240234375 6
70 0.1 671.33203125 0.0 683.546875 671.33203125 679.8822544642857 7
80 0.1 673.01171875 0.0 683.546875 671.33203125 678.8134765625 8
90 0.1 674.44921875 0.0 683.546875 671.33203125 678.1688368055555 9
100 0.1 663.33203125 0.0 683.546875 663.33203125 677.796875 10
110 0.1 646.67578125 0.0 683.546875 646.67578125 676.4818892045455 11
120 0.1 639.38671875 0.0 683.546875 639.38671875 673.998046875 12
130 0.1 627.5234375 0.0 683.546875 627.5234375 671.3356370192307 13
140 0.1 621.16796875 0.0 683.546875 621.16796875 668.2061941964286 14
150 0.1 610.0390625 0.0 683.546875 610.0390625 665.0703125 15
160 0.1 607.58984375 0.0 683.546875 607.58984375 661.630859375 16
170 0.1 608.5625 0.0 683.546875 607.58984375 658.4519761029412 17
180 0.1 606.65625 0.0 683.546875 606.65625 655.6803385416666 18
190 0.1 608.796875 0.0 683.546875 606.65625 653.1001233552631 19
200 0.1 615.953125 0.0 683.546875 606.65625 650.8849609375 20
210 0.1 617.60546875 0.0 683.546875 606.65625 649.2215401785714 21
220 0.1 613.17578125 0.0 683.546875 606.65625 647.7844460227273 22
230 0.1 611.10546875 0.0 683.546875 606.65625 646.2797214673913 23
240 0.1 608.48046875 0.0 683.546875 606.65625 644.8141276041666 24
248 0.1 606.5859375 0.0 683.546875 606.5859375 643.36078125 25
