0 0.1 0.0 0 0.0 0.0 0 0
10 0.1 0.0 0.0 0.0 0.0 0.0 1
20 0.1 0.0 0.0 0.0 0.0 0.0 2
30 0.1 0.0 0.0 0.0 0.0 0.0 3
40 0.1 0.0 0.0 0.0 0.0 0.0 4
50 0.1 0.0 0.0 0.0 0.0 0.0 5
60 0.1 0.0 0.0 0.0 0.0 0.0 6
70 0.1 0.0 0.0 0.0 0.0 0.0 7
80 0.1 0.0 0.0 0.0 0.0 0.0 8
90 0.1 0.0 0.0 0.0 0.0 0.0 9
100 0.1 0.0 0.0 0.0 0.0 0.0 10
110 0.1 0.0 0.0 0.0 0.0 0.0 11
120 0.1 0.0 0.0 0.0 0.0 0.0 12
130 0.1 0.0 0.0 0.0 0.0 0.0 13
140 0.1 0.0703125 0.0 0.0703125 0.0 0.0 14
150 0.1 0.05859375 0.0 0.0703125 0.0 0.0046875 15
160 0.1 0.05078125 0.0 0.0703125 0.0 0.008056640625 16
170 0.1 0.0390625 0.0 0.0703125 0.0 0.010569852941176471 17
180 0.1 0.0390625 0.0 0.0703125 0.0 0.012152777777777778 18
190 0.1 0.03125 0.0 0.0703125 0.0 0.013569078947368422 19
200 0.1 0.171875 0.0 0.171875 0.0 0.014453125 20
210 0.1 0.21875 0.0 0.21875 0.0 0.02194940476190476 21
220 0.1 0.26953125 0.0 0.26953125 0.0 0.030894886363636364 22
230 0.1 0.21875 0.0 0.26953125 0.0 0.04127038043478261 23
240 0.1 0.19140625 0.0 0.26953125 0.0 0.048665364583333336 24
248 0.1 0.23046875 0.0 0.26953125 0.0 0.054375 25
