0 12 32.983275 69.01059500527948 242.132 4.873 0 0
10 14.4 31.13133333333333 65.03455120431924 247.111 4.873 32.983275 120
20 3.6 26.97044444444445 59.883819714809455 247.111 4.873 31.973124999999996 264
30 9 36.173733333333345 72.63206146489303 250.364 4.873 31.37280333333333 300
40 10.6 31.286339622641517 66.3117191946117 250.364 4.873 32.480710256410255 390
50 15 36.2131 72.54010656179565 321.074 4.759 32.22546169354839 496
60 30.2 54.145579470198655 97.99317345921563 582.181 4.759 33.15138390092879 646
70 38.6 59.216803108808286 107.53137333469797 582.181 4.584 39.83940822784809 948
80 45.2 79.55603097345121 127.3436191566541 771.061 4.584 45.44636056971514 1334
90 45.6 211.73694078947352 262.7804944319792 1317.424 4.584 54.07881914893614 1786
100 60.4 815.9709917218554 522.4467003083768 2366.08 4.584 86.14487778768951 2242
110 61.7 1173.421917341976 553.5853563612823 2452.458 4.584 241.03418657765303 2846
120 58 1807.3717431034474 577.7558870019544 3343.337 0.974 407.1569789200115 3463
130 177.7 959.3605734383808 1564.1968552791188 4810.013 0.891 608.028748206777 4043
140 162 1352.7382314814809 1614.993143437152 5482.916 0.888 715.2996508591069 5820
150 257.7 726.3313438106309 1246.5319959092303 5482.916 0.876 854.0967611559141 7440
160 281.4 674.0643102345399 1310.8165324254796 5482.916 0.876 821.2274908655282 10017
170 315.3 629.3425949889003 1252.6598868890007 5482.916 0.876 788.9527507598777 12831
180 552.8 342.84853943560086 894.1851594393476 5482.916 0.876 757.468089777277 15984
190 639.9 286.34643053602224 928.1593456487575 5482.916 0.876 650.9221212811452 21512
200 644 329.2674677018636 1015.3924976446793 5482.916 0.876 567.3378768944145 27911
210 1028.7 181.46328278409675 673.9229633076568 5482.916 0.876 522.7053062210709 34351
220 1235 159.3150123076916 697.3749389348314 5482.916 0.876 444.06476015950557 44638
230 1213 160.9794028854083 714.57908189156 5482.916 0.876 382.35599013827476 56988
240 403.9 432.5827945035902 964.2789514472271 5482.916 0.876 343.50506847709715 69118
248 53.3 606.423212007505 828.3688516276354 5482.916 0.876 348.4230522027968 73157
