0 1.1 2253.061727272727 610.2102662944203 3258.797 1433.076 0 0
10 1.4 2264.899857142857 525.9856174134771 3258.797 1396.666 2253.061727272727 11
20 0.5 2511.9750000000004 432.5742150040846 3258.797 1396.666 2259.6910799999996 25
30 0.7 2477.042571428571 411.9774911000624 3258.797 1396.666 2301.7383999999997 30
40 1 2213.0253 592.2195929999361 3258.797 1396.666 2334.9040540540536 37
50 1.7 2562.876823529412 557.1598337227031 3258.797 1396.666 2308.972404255319 47
60 2.4 2266.049541666667 626.2812801382977 3832.424 1323.182 2376.415765625 64
70 3.7 2546.3318108108106 508.2200633538021 3832.424 1323.182 2346.3158863636363 88
80 5.1 2724.026784313726 694.7088426149087 4013.168 1323.182 2405.5206000000003 125
90 2.8 3062.954678571429 1122.6920055799253 5660.749 1320.701 2497.815005681818 176
100 3.8 7735.289894736842 1470.2310040148686 10833.188 1320.701 2575.3831960784314 204
110 5.9 11696.757898305079 1639.485218421255 15511.934 1320.701 3385.6164793388434 242
120 3.7 15327.143054054053 1475.5669519094881 18643.635 1320.701 5014.710644518271 301
130 13.6 11036.404286764711 7700.4283556503215 23241.87 1022.283 6143.586381656803 338
140 16.3 12944.461834355829 8301.97750947841 29009.67 1022.283 7547.432869198312 474
150 23 11967.152099999994 9822.108275499042 34297.451 1022.283 8928.462259026688 637
160 27.9 9013.173365591409 8102.434710072427 35179.678 1020.105 9734.57375086505 867
170 31.9 8325.97610658307 7501.208543813697 35179.678 1020.105 9558.944861256547 1146
180 49.5 6685.304038383843 6780.773568416923 35179.678 1020.105 9290.469070989762 1465
190 63.3 4993.323704581363 4776.989762587168 35179.678 1020.105 8632.531983673472 1960
200 65 5014.645504615389 4740.4577608098125 35179.678 1018.405 7744.132893559586 2593
210 95.2 4381.337047268911 4004.830780976673 35179.678 1013.98 7197.0570986740695 3243
220 122.5 3523.1526930612217 2950.8100422644657 35179.678 1013.98 6558.066517282482 4195
230 121 3576.0660859504146 3044.9497709370244 35179.678 1013.98 5872.131197232474 5420
240 62.1 4765.905017713363 3851.74862984507 35179.678 1013.98 5453.090656561088 6630
248 11.8 12113.376084745769 2557.8874319504616 35179.678 1013.98 5394.237769824853 7251
