0 54.20703125 54.20703125
10 65.50546875 119.7125
20 16.678125 136.390625
30 40.4515625 176.8421875
40 48.6765625 225.51875
50 68.13359375 293.65234375
60 136.5796875 430.23203125
70 175.4359375 605.66796875
80 206.91640625 812.584375
90 215.10078125 1027.68515625
100 283.53515625 1311.2203125
110 285.909375 1597.1296875
120 279.78515625 1876.91484375
130 490.1421875 2367.05703125
140 522.85234375 2889.909375
150 673.40546875 3563.31484375
160 661.7125 4225.02734375
170 733.71171875 4958.7390625
180 1163.7671875 6122.50625
190 1186.828125 7309.334375
200 1192.15234375 8501.48671875
210 1816.51484375 10318.0015625
220 1999.70859375 12317.71015625
230 1981.3984375 14299.10859375
240 856.58203125 15155.690625
248 183.95703125 15339.64765625
