0 0.6 5.461833333333334 9.003156824445277 25.593 1.341 0 0
10 1 1.4004 0.1475216594266754 25.593 1.266 5.461833333333334 6
20 0.9 1.3894444444444445 0.06234511673136002 25.593 1.266 2.9234375000000004 16
30 1.9 1.436578947368421 0.43466675871952076 25.593 1.068 2.3712000000000004 25
40 1 1.4336 0.2040834143187535 25.593 1.068 1.9676136363636365 44
50 1.8 1.3743333333333334 0.0772449207247815 25.593 1.068 1.8687222222222222 54
60 3.5 1.578714285714286 1.251023228548274 25.593 1.068 1.745125 72
70 3.9 1.4782564102564102 0.48459111593011667 25.593 1.068 1.6906915887850467 107
80 3.9 1.3088205128205128 0.09841483935294118 25.593 1.068 1.6339452054794519 146
90 6 1.322733333333334 0.1252023517705992 25.593 1.068 1.5654054054054052 185
100 9.3 1.3992903225806443 0.4528437642858561 25.593 1.068 1.5059755102040817 245
110 9.2 1.41608695652174 0.544124119715304 25.593 1.068 1.4766213017751477 338
120 12.2 1.5585163934426218 1.862601262440786 25.593 1.068 1.4636697674418606 430
130 16.6 1.4563734939759048 1.0374192807716214 25.593 1.068 1.4846322463768116 552
140 16.1 1.397453416149068 0.4133706013266122 25.593 1.068 1.478098885793872 718
150 25.4 1.4276299212598424 0.5413200008836613 25.593 1.068 1.4633276450511947 879
160 32.6 1.485957055214724 1.299438632214673 25.593 1.068 1.45532480141218 1133
170 55.5 1.4581945945945944 0.6525827895892431 25.593 0.868 1.462169294037012 1459
180 185 1.2826583783783763 0.8012305886994336 27.245 0.868 1.4610739821251242 2014
190 293.9 1.1950990132698156 0.4704980978538484 27.245 0.833 1.3756524327122144 3864
200 359.4 1.2215055648302737 0.6254930570213736 27.245 0.823 1.2976505953255892 6803
210 440.5 1.2337872871736633 0.5500463428392617 27.245 0.823 1.2713290372222743 10397
220 574.6 1.2495257570483782 0.6455633485684878 27.245 0.806 1.2601568031347097 14802
230 648.9 1.2958195407612887 0.62278980751875 27.245 0.806 1.257183959509439 20548
240 471.9 1.2572470862470935 0.5713352899484344 27.245 0.806 1.266456670488588 27037
250 56.5 1.2457327433628305 0.33668443418118943 27.245 0.806 1.265088109333669 31756
260 0 0 0 27.245 0.806 1.2647497602178148 32321
270 0 0 0 27.245 0.806 1.2647497602178148 32321
