0 0.1 3.0883362999870596 0 3.0883362999870596 3.0883362999870596 0 0
10 0.1 0.44999999999999996 0.0 3.0883362999870596 0.44999999999999996 3.0883362999870596 1
20 0.1 0.3001500750375188 0.0 3.0883362999870596 0.3001500750375188 1.7691681499935297 2
30 0.1 0.25037556334501754 0.0 3.0883362999870596 0.25037556334501754 1.2794954583415261 3
40 0.1 0.4 0.0 3.0883362999870596 0.25037556334501754 1.022215484592399 4
50 0.1 0.4995004995004995 0.0 3.0883362999870596 0.25037556334501754 0.8977723876739192 5
60 0.1 0.845771144278607 0.0 3.0883362999870596 0.25037556334501754 0.8313937396450161 6
70 0.1 0.6503251625812907 0.0 3.0883362999870596 0.25037556334501754 0.8334476545926719 7
80 0.1 0.7992007992007992 0.0 3.0883362999870596 0.25037556334501754 0.8105573430912492 8
90 0.1 0.8495752123938031 0.0 3.0883362999870596 0.25037556334501754 0.8092955048811992 9
100 0.1 0.9519038076152305 0.0 3.0883362999870596 0.25037556334501754 0.8133234756324595 10
110 0.1 1.3986013986013985 0.0 3.0883362999870596 0.25037556334501754 0.8259216876308934 11
120 0.1 1.7456359102244388 0.0 3.0883362999870596 0.25037556334501754 0.8736449968784354 12
130 0.1 3.4808552958727 0.0 3.4808552958727 0.25037556334501754 0.9407212209819741 13
140 0.1 3.790523690773067 0.0 3.790523690773067 0.25037556334501754 1.1221593691884546 14
150 0.1 3.6108324974924777 0.0 3.790523690773067 0.25037556334501754 1.300050323960762 15
160 0.1 5.591612581128307 0.0 5.591612581128307 0.25037556334501754 1.4444742098064942 16
170 0.1 6.428930185836264 0.0 6.428930185836264 0.25037556334501754 1.6884235257666007 17
180 0.1 9.481481481481481 0.0 9.481481481481481 0.25037556334501754 1.951785006881582 18
190 0.1 15.755785327424915 0.0 15.755785327424915 0.25037556334501754 2.3480848213342083 19
200 0.1 18.79775853285787 0.0 18.79775853285787 0.25037556334501754 3.0184698466387436 20
210 0.1 22.239185750636132 0.0 22.239185750636132 0.25037556334501754 3.7698645459825117 21
220 0.1 25.672877846790893 0.0 25.672877846790893 0.25037556334501754 4.6093791461940405 22
230 0.1 30.909090909090907 0.0 30.909090909090907 0.25037556334501754 5.525183437524339 23
240 0.1 36.40973630831643 0.0 36.40973630831643 0.25037556334501754 6.582846248839613 24
250 0.1 28.774783934926283 0.0 36.40973630831643 0.25037556334501754 7.775921851218686 25
260 0.1 10.9963861641714 0.0 36.40973630831643 0.25037556334501754 8.583570392899748 26
270 0.1 1.0015022533800702 0.0 36.40973630831643 0.25037556334501754 8.672933939983883 27
