0 0.1 659.60546875 0 659.60546875 659.60546875 0 0
10 0.1 658.4453125 0.0 659.60546875 658.4453125 659.60546875 1
20 0.1 654.0546875 0.0 659.60546875 654.0546875 659.025390625 2
30 0.1 651.7265625 0.0 659.60546875 651.7265625 657.3684895833334 3
40 0.1 649.7890625 0.0 659.60546875 649.7890625 655.9580078125 4
50 0.1 647.1875 0.0 659.60546875 647.1875 654.72421875 5
60 0.1 647.88671875 0.0 659.60546875 647.1875 653.4680989583334 6
70 0.1 638.89453125 0.0 659.60546875 638.89453125 652.6707589285714 7
80 0.1 632.60546875 0.0 659.60546875 632.60546875 650.94873046875 8
90 0.1 625.08984375 0.0 659.60546875 625.08984375 648.9105902777778 9
100 0.1 625.23046875 0.0 659.60546875 625.08984375 646.528515625 10
110 0.1 607.51953125 0.0 659.60546875 607.51953125 644.5923295454545 11
120 0.1 593.98046875 0.0 659.60546875 593.98046875 641.5029296875 12
130 0.1 582.78125 0.0 659.60546875 582.78125 637.8473557692307 13
140 0.1 554.1875 0.0 659.60546875 554.1875 633.9140625 14
150 0.1 535.74609375 0.0 659.60546875 535.74609375 628.5989583333334 15
160 0.1 506.61328125 0.0 659.60546875 506.61328125 622.795654296875 16
170 0.1 452.88671875 0.0 659.60546875 452.88671875 615.9613970588235 17
180 0.1 402.609375 0.0 659.60546875 402.609375 606.9016927083334 18
190 0.1 410.35546875 0.0 659.60546875 402.609375 596.1494654605264 19
200 0.1 361.0 0.0 659.60546875 361.0 586.859765625 20
210 0.1 296.16796875 0.0 659.60546875 296.16796875 576.1045386904761 21
220 0.1 275.6484375 0.0 659.60546875 275.6484375 563.3801491477273 22
230 0.1 229.38671875 0.0 659.60546875 229.38671875 550.8700747282609 23
240 0.1 174.671875 0.0 659.60546875 174.671875 537.4749348958334 24
250 0.1 163.32421875 0.0 659.60546875 163.32421875 522.9628125 25
260 0.1 546.9765625 0.0 659.60546875 163.32421875 509.13055889423083 26
270 0.1 643.9921875 0.0 659.60546875 163.32421875 510.5322627314815 27
