0 0.1 0.01953125 0 0.01953125 0.01953125 0 0
10 0.1 0.01953125 0.0 0.01953125 0.01953125 0.01953125 1
20 0.1 0.01953125 0.0 0.01953125 0.01953125 0.01953125 2
30 0.1 0.01171875 0.0 0.01953125 0.01171875 0.01953125 3
40 0.1 0.01171875 0.0 0.01953125 0.01171875 0.017578125 4
50 0.1 0.01171875 0.0 0.01953125 0.01171875 0.01640625 5
60 0.1 0.01171875 0.0 0.01953125 0.01171875 0.015625 6
70 0.1 0.0 0.0 0.01953125 0.0 0.015066964285714286 7
80 0.1 0.0 0.0 0.01953125 0.0 0.01318359375 8
90 0.1 0.0 0.0 0.01953125 0.0 0.01171875 9
100 0.1 0.0 0.0 0.01953125 0.0 0.010546875 10
110 0.1 0.0 0.0 0.01953125 0.0 0.009588068181818182 11
120 0.1 0.0 0.0 0.01953125 0.0 0.0087890625 12
130 0.1 0.0 0.0 0.01953125 0.0 0.00811298076923077 13
140 0.1 0.0 0.0 0.01953125 0.0 0.007533482142857144 14
150 0.1 0.0 0.0 0.01953125 0.0 0.007031250000000001 15
160 0.1 0.0 0.0 0.01953125 0.0 0.006591796875000001 16
170 0.1 0.0 0.0 0.01953125 0.0 0.006204044117647059 17
180 0.1 0.0 0.0 0.01953125 0.0 0.005859375000000001 18
190 0.1 0.0 0.0 0.01953125 0.0 0.005550986842105264 19
200 0.1 0.0703125 0.0 0.0703125 0.0 0.0052734375 20
210 0.1 0.05859375 0.0 0.0703125 0.0 0.008370535714285714 21
220 0.1 0.12890625 0.0 0.12890625 0.0 0.01065340909090909 22
230 0.1 0.33984375 0.0 0.33984375 0.0 0.01579483695652174 23
240 0.1 0.2890625 0.0 0.33984375 0.0 0.029296875 24
250 0.1 0.23828125 0.0 0.33984375 0.0 0.0396875 25
260 0.1 0.19921875 0.0 0.33984375 0.0 0.04732572115384615 26
270 0.1 0.171875 0.0 0.33984375 0.0 0.05295138888888889 27
