0 1.5 69.63513333333334 96.37656781387383 231.867 6.342 0 0
10 4.8 51.10852083333334 84.58291913067457 231.867 5.834 69.63513333333334 15
20 5.6 37.974642857142875 71.01732490195327 231.867 5.47 55.51961904761905 63
30 8.4 49.79379761904761 82.51425829844425 231.867 5.47 47.26315966386555 119
40 10.5 44.05827619047617 77.21909515922493 231.867 4.959 48.31032019704433 203
50 10.6 45.04969811320755 78.95044991330091 272.215 4.959 46.86075974025973 308
60 15 47.62837999999999 81.5769050230656 272.215 4.953 46.39705797101449 414
70 23.6 45.93992372881359 80.12648546164284 272.215 4.779 46.72453723404254 564
80 27 44.69576666666666 78.05268470790881 272.215 4.779 46.49307625 800
90 31.7 43.41355520504734 77.68142290657103 279.191 4.76 46.03954953271028 1070
100 48.5 50.081742268041246 84.85018567247316 279.191 4.564 45.439376351838504 1387
110 61.2 44.38503921568629 79.35814829407963 279.191 4.425 46.64212606837607 1872
120 66 46.41970606060607 82.67206335049796 448.211 4.425 46.08603220611917 2484
130 96.1 62.81978459937556 103.77794679244815 519.227 4.425 46.156078244274816 3144
140 114.2 45.8402005253941 81.98721379419327 519.227 4.425 50.05713105968329 4105
150 122.1 129.40763144963154 230.9048175295092 1561.916 4.425 49.13932380407852 5247
160 155.7 592.2237642903002 551.4999950938293 3419.977 4.425 64.29201453308598 6468
170 161.9 1420.4552056825214 742.7904765760579 4348.185 0.67 166.72064186915856 8025
180 231 1505.3147991342005 1060.0496293035671 4652.143 0.67 377.1930867897138 9644
190 372.4 1025.4630526315793 1322.6455755049026 6126.054 0.67 595.1921796051533 11954
200 452.9 868.7804387281943 1108.4758311830535 6126.054 0.67 697.394547965302 15678
210 558.6 668.8151695309687 990.4423057275505 6126.054 0.67 735.8073108328795 20207
220 754 510.6966494694962 978.4749376126243 6126.054 0.67 721.2987968441043 25793
230 863.9 439.1240027780993 830.695137998735 6126.054 0.67 673.6601147211468 33333
240 680.9 578.9303225143174 904.2714071792382 6207.942 0.67 625.3860874868957 41972
250 332.4 22.485460589650994 101.48805544811728 6207.942 0.67 618.9016508476656 48781
260 31.8 10.739918238993717 2.3358437339192824 6207.942 0.67 580.8537203915166 52105
270 0 0 0 6207.942 0.67 577.3953874253663 52423
