0 1.5 69.63513333333334 96.37656781387383 231.867 6.342 0 0
10 5.4 45.4177962962963 81.22132694370083 231.867 5.834 69.63513333333334 15
20 7.1 29.928154929577456 64.71625145846406 231.867 5.47 50.682434782608695 69
30 10 41.811550000000004 77.62350686362669 231.867 5.47 40.15704999999999 140
40 13 35.63159230769232 71.3516707525475 231.867 4.959 40.846424999999996 240
50 14.2 33.54127464788732 70.54588042604998 270.617 4.959 39.014186486486494 370
60 17.7 40.34642372881359 76.89160650295823 270.617 4.953 37.49630859375001 512
70 27.9 38.84444086021509 75.39417699653505 270.617 4.779 38.22848621190132 689
80 34.9 34.58376790830938 70.87753522269331 270.617 4.779 38.406018595041346 968
90 39.8 34.53360552763819 71.25616714328964 270.617 4.76 37.39313667425968 1317
100 56.2 43.22254448398579 80.53866668031601 270.617 4.564 36.72952536443149 1715
110 77.7 34.93805405405408 72.43372962122936 270.617 4.425 38.332106280193244 2277
120 84.5 36.22432899408291 74.99867744546351 448.211 4.425 37.46859004584153 3054
130 112.3 53.7431211041852 97.64180920855837 512.309 4.425 37.19893100795078 3899
140 147.4 35.49302781546815 74.27809723370241 512.309 4.425 40.89847809637596 5022
150 154.3 104.42966882696038 201.83254628413724 1295.436 4.344 39.67193349753696 6496
160 181.6 509.98847907488926 477.8607110032187 2121.281 4.344 52.101487622838654 8039
170 198 1208.4695388888863 574.1173335844819 2836.834 0.67 136.4772132927447 9855
180 279.8 1237.649314152967 804.031822474526 3120.245 0.67 315.82193696662387 11835
190 438.4 868.3277417883216 1100.1233791722386 4043.348 0.67 492.0860660835096 14633
200 566.1 694.3645636813276 907.9655127766802 4043.348 0.67 578.821277015302 19017
210 700.7 530.1903122591688 820.5750781141456 4043.348 0.67 605.326283329281 24678
220 904.2 423.8371532846721 858.4790567171978 4326.736 0.67 588.7102899794853 31685
230 1110.4 342.789083303315 715.9821324073911 4326.736 0.67 552.1060003928598 40727
240 914.5 426.95711634773215 746.9515853256845 4326.736 0.67 507.2630483494435 51831
250 579 11.633036614853223 58.97694667152041 4326.736 0.67 495.2190023615852 60976
260 63.5 5.323051968503933 1.4089820725487756 4326.736 0.67 453.28204729952404 66766
270 0 0 0 4326.736 0.67 449.06172472218543 67401
