10 0.1 15580.345 0 15580.345 15580.345 0 0
20 0.8 16335.119499999999 748.2469287185554 17159.458 14741.425 15580.345 1
30 0.8 18102.524625 1897.5216203737266 20810.941 14741.425 16251.255666666664 9
40 1 17748.3862 2348.659294188061 21799.6 14596.778 17122.441058823526 17
50 1.9 18090.520210526316 1851.8768530876594 21799.6 14254.943 17354.27259259259 27
60 1.6 17667.337625000007 2085.2361218306582 21816.283 14002.227 17658.374869565218 46
70 2 17714.9503 2062.1173728739373 22857.677 14002.227 17660.68783870968 62
80 3.5 17503.900371428565 1657.921136009517 22857.677 14002.227 17673.922585365857 82
90 3.9 18178.269923076925 2510.3668673726106 23199.88 12541.733 17623.06123931624 117
100 3.7 17711.51343243244 1584.651235344002 23199.88 12541.733 17761.863410256414 156
110 7.9 17658.873632911378 1720.4112238526823 23199.88 12541.733 17752.210823834204 193
120 9.2 17976.369554347828 1938.4508018257864 23199.88 12541.733 17725.10186029412 272
130 7.3 18095.14346575343 1748.224382848645 23199.88 12541.733 17788.60907967033 364
140 16.2 17537.759185185183 1955.0537272081035 23253.796 12541.733 17839.815052631577 437
150 15.7 17949.328006369422 1735.5792974655385 23253.796 12541.733 17758.1238163606 599
160 12.4 19397.28903225805 2000.8383929169236 23808.609 12541.733 17797.831564814813 756
170 12.1 22184.837371900827 2060.718823217239 26700.609 12541.733 18023.209662499998 880
180 24.3 25697.536633744858 2168.548868276501 30482.957 12541.733 18526.26356143856 1001
190 30.8 26956.7537987013 2933.1360769643693 33752.147 12541.733 19927.082979903535 1244
200 49.9 24783.845052104236 4420.449505640796 38006.704 12541.733 21322.146518685568 1552
210 72.1 23792.993062413334 4030.107057892411 38813.666 12541.733 22164.363763042424 2051
220 70.9 22643.06945557129 3810.3420333838744 38813.666 12541.733 22587.971888888897 2772
230 115.8 20843.177078583758 3329.7674859927915 38813.666 12541.733 22599.194001723663 3481
240 128.6 21083.471167962663 3299.7474940921566 38813.666 12541.733 22160.852204569965 4639
250 131.9 19916.211960576176 2649.015059951181 38813.666 12541.733 21927.010514599166 5925
260 24.5 21548.420604081624 2099.490417868582 38813.666 12541.733 21560.880849668694 7244
270 0 0 0 38813.666 12541.733 21560.473217118444 7489
