0 35.4484375 35.4484375
10 101.1125 136.5609375
20 103.465625 240.0265625
30 170.66171875 410.68828125
40 208.10703125 618.7953125
50 204.0515625 822.846875
60 302.69140625 1125.53828125
70 469.753125 1595.29140625
80 535.04140625 2130.3328125
90 613.4421875 2743.775
100 999.384375 3743.159375
110 1180.26171875 4923.42109375
120 1260.25078125 6183.671875
130 1987.10390625 8170.77578125
140 2182.296875 10353.07265625
150 2330.06328125 12683.1359375
160 3194.0453125 15877.18125
170 3176.38671875 19053.56796875
180 3479.428125 22532.99609375
190 3593.6734375 26126.66953125
200 4242.9078125 30369.57734375
210 4357.09296875 34726.6703125
220 4881.43359375 39608.10390625
230 5391.9015625 45000.00546875
240 5558.6984375 50558.70390625
250 4017.2609375 54575.96484375
260 386.40859375 54962.3734375
270 0 54962.3734375
