0 5.07578125 5.07578125
10 22.4734375 27.54921875
20 31.8359375 59.38515625
30 42.31328125 101.6984375
40 60.16484375 161.86328125
50 63.68828125 225.5515625
60 74.18515625 299.73671875
70 121.340625 421.07734375
80 158.65859375 579.7359375
90 172.51171875 752.24765625
100 243.2546875 995.50234375
110 347.52734375 1343.0296875
120 371.665625 1714.6953125
130 486.878125 2201.5734375
140 668.8859375 2870.459375
150 674.909375 3545.36875
160 809.00390625 4354.37265625
170 969.92421875 5324.296875
180 1161.0984375 6485.3953125
190 1620.75859375 8106.15390625
200 2081.9953125 10188.14921875
210 2394.19453125 12582.34375
220 2704.140625 15286.484375
230 3350.51796875 18637.00234375
240 2882.759375 21519.76171875
250 2763.8265625 24283.58828125
260 359.728125 24643.31640625
270 0 24643.31640625
