0 0.8 2.679375 3.1445660248077156 10.964 1.294 0 0
10 1 1.3715000000000002 0.14692940481741565 10.964 1.246 2.679375 8
20 1.2 1.735916666666667 1.4068851207741009 10.964 1.13 1.9527777777777777 18
30 1.4 1.2862857142857143 0.08438299470816593 10.964 1.064 1.8660333333333334 30
40 2.1 1.267761904761905 0.03920386856749723 10.964 1.064 1.681568181818182 44
50 1.5 2.133266666666667 2.3919553916316154 10.964 1.064 1.5478769230769232 65
60 3.3 1.7026969696969698 1.6328982318091239 10.964 1.064 1.6576375000000003 80
70 4.9 1.4741836734693887 0.5300245151615348 10.964 1.064 1.6707964601769913 113
80 2.8 1.3504285714285715 0.16149644590769274 10.964 1.064 1.6113271604938277 162
90 8.6 1.370837209302326 0.4012829675064924 10.964 1.007 1.5728789473684215 190
100 6.7 1.384641791044776 0.5784625970310928 10.964 1.007 1.5099239130434787 276
110 6.5 1.403353846153847 0.41891333529168917 10.964 1.007 1.485451895043732 343
120 14.9 1.3933221476510063 0.5639219598116424 10.964 1.007 1.4723725490196082 408
130 17.4 1.4583218390804602 1.1542814602700049 15.079 1.007 1.4512262118491923 557
140 16.6 1.4030963855421685 0.47011609984804115 15.079 1.007 1.4529151846785227 731
150 23.2 1.3836120689655171 0.994201041831318 15.087 1.007 1.4436956521739133 897
160 32.6 1.3462546012269947 0.46968704457414173 15.087 1.007 1.4313489813994686 1129
170 70.6 1.3167535410764866 0.590059990127459 15.087 0.896 1.4122831615120277 1455
180 182.2 1.262094401756312 0.9728163652204201 23.051 0.833 1.3810735770476632 2161
190 288.7 1.1848624870107345 0.4927424813173909 23.051 0.815 1.326647250815968 3983
200 350.9 1.1698270162439426 0.4904923896134344 23.051 0.794 1.2670646288209593 6870
210 435 1.155039540229883 0.4873506687167256 23.051 0.794 1.2341899026881187 10379
220 568.7 1.2234789871637122 0.6498392138910132 23.051 0.791 1.21081397243533 14729
230 651.6 1.2488985573971771 0.7159517985816722 23.051 0.778 1.214341888714734 20416
240 476.5 1.2337513116474315 0.6220104175656462 23.051 0.778 1.2227026214169023 26932
250 60.9 1.2234811165845643 0.4580562273816263 23.051 0.778 1.2243635675300508 31697
260 0 0 0 23.051 0.778 1.2243469324583676 32306
270 0 0 0 23.051 0.778 1.2243469324583676 32306
280 0 0 0 23.051 0.778 1.2243469324583676 32306
290 0 0 0 23.051 0.778 1.2243469324583676 32306
293 0 0 0 23.051 0.778 1.2243469324583676 32306
