0 0.1 5.640515021459228 0 5.640515021459228 5.640515021459228 0 0
10 0.1 0.5991013479780329 0.0 5.640515021459228 0.5991013479780329 5.640515021459228 1
20 0.1 0.4 0.0 5.640515021459228 0.4 3.1198081847186305 2
30 0.1 0.7976071784646062 0.0 5.640515021459228 0.4 2.2132054564790873 3
40 0.1 0.7492507492507493 0.0 5.640515021459228 0.4 1.8593058869754668 4
50 0.1 0.798004987531172 0.0 5.640515021459228 0.4 1.6372948594305232 5
60 0.1 0.7944389275074478 0.0 5.640515021459228 0.4 1.4974132141139647 6
70 0.1 1.4413518886679921 0.0 5.640515021459228 0.4 1.3969883160273195 7
80 0.1 1.0494752623688157 0.0 5.640515021459228 0.4 1.4025337626074035 8
90 0.1 1.347305389221557 0.0 5.640515021459228 0.4 1.3633050403586715 9
100 0.1 1.9860973187686197 0.0 5.640515021459228 0.4 1.36170507524496 10
110 0.1 2.0438683948155534 0.0 5.640515021459228 0.4 1.4184680064743835 11
120 0.1 2.432969215491559 0.0 5.640515021459228 0.4 1.4705847055028143 12
130 0.1 3.76051459673429 0.0 5.640515021459228 0.4 1.5446142831942564 13
140 0.1 5.276134122287968 0.0 5.640515021459228 0.4 1.7028928770185445 14
150 0.1 5.192878338278932 0.0 5.640515021459228 0.4 1.941108960036506 15
160 0.1 7.289628180039139 0.0 7.289628180039139 0.4 2.1443445461766575 16
170 0.1 7.825656265477959 0.0 7.825656265477959 0.4 2.447008289345039 17
180 0.1 12.870325400679942 0.0 12.870325400679942 0.4 2.7458220657968675 18
190 0.1 18.929254302103253 0.0 18.929254302103253 0.4 3.278690662369661 19
200 0.1 23.649289099526065 0.0 23.649289099526065 0.4 4.061218844356341 20
210 0.1 27.07547169811321 0.0 27.07547169811321 0.4 4.993984094602517 21
220 0.1 33.164673413063475 0.0 33.164673413063475 0.4 5.997688076580276 22
230 0.1 38.13049514113836 0.0 38.13049514113836 0.4 7.1788613520795455 23
240 0.1 41.86580882352941 0.0 41.86580882352941 0.4 8.468512759956996 24
250 0.1 33.41198678621991 0.0 41.86580882352941 0.4 9.804404602499893 25
260 0.1 12.375249500998004 0.0 41.86580882352941 0.4 10.71238853264297 26
270 0.1 1.2980529206190714 0.0 41.86580882352941 0.4 10.773975975915379 27
280 0.1 0.2 0.0 41.86580882352941 0.2 10.435550152511938 28
290 0.1 0.2001000500250125 0.0 41.86580882352941 0.2 10.082600147252906 29
293 0.1 0.24987506246876562 0.0 41.86580882352941 0.2 9.75318347734531 30
