0 0.1 672.91015625 0 672.91015625 672.91015625 0 0
10 0.1 674.765625 0.0 674.765625 672.91015625 672.91015625 1
20 0.1 668.4765625 0.0 674.765625 668.4765625 673.837890625 2
30 0.1 663.96484375 0.0 674.765625 663.96484375 672.05078125 3
40 0.1 666.3828125 0.0 674.765625 663.96484375 670.029296875 4
50 0.1 659.73046875 0.0 674.765625 659.73046875 669.3 5
60 0.1 659.14453125 0.0 674.765625 659.14453125 667.705078125 6
70 0.1 656.5 0.0 674.765625 656.5 666.4821428571429 7
80 0.1 647.109375 0.0 674.765625 647.109375 665.234375 8
90 0.1 643.82421875 0.0 674.765625 643.82421875 663.2204861111111 9
100 0.1 635.359375 0.0 674.765625 635.359375 661.280859375 10
110 0.1 618.75 0.0 674.765625 618.75 658.9243607954545 11
120 0.1 619.37890625 0.0 674.765625 618.75 655.5764973958334 12
130 0.1 598.34375 0.0 674.765625 598.34375 652.7920673076923 13
140 0.1 563.34765625 0.0 674.765625 563.34765625 648.9029017857143 14
150 0.1 524.6953125 0.0 674.765625 524.6953125 643.19921875 15
160 0.1 504.71484375 0.0 674.765625 504.71484375 635.792724609375 16
170 0.1 485.80078125 0.0 674.765625 485.80078125 628.0822610294117 17
180 0.1 484.91796875 0.0 674.765625 484.91796875 620.177734375 18
190 0.1 478.6875 0.0 674.765625 478.6875 613.0587993421053 19
200 0.1 450.8046875 0.0 674.765625 450.8046875 606.3402343750001 20
210 0.1 417.24609375 0.0 674.765625 417.24609375 598.9337797619049 21
220 0.1 400.92578125 0.0 674.765625 400.92578125 590.6752485795456 22
230 0.1 365.84375 0.0 674.765625 365.84375 582.4252717391306 23
240 0.1 326.91796875 0.0 674.765625 326.91796875 573.4010416666669 24
250 0.1 311.1640625 0.0 674.765625 311.1640625 563.5417187500002 25
260 0.1 587.9375 0.0 674.765625 311.1640625 553.8348858173078 26
270 0.1 648.73828125 0.0 674.765625 311.1640625 555.097945601852 27
280 0.1 651.92578125 0.0 674.765625 311.1640625 558.4422433035716 28
290 0.1 653.71875 0.0 674.765625 311.1640625 561.6658135775863 29
293 0.1 654.2890625 0.0 674.765625 311.1640625 564.7342447916667 30
