0 0.1 0.01171875 0 0.01171875 0.01171875 0 0
10 0.1 0.01171875 0.0 0.01171875 0.01171875 0.01171875 1
20 0.1 0.01171875 0.0 0.01171875 0.01171875 0.01171875 2
30 0.1 0.01171875 0.0 0.01171875 0.01171875 0.01171875 3
40 0.1 0.01171875 0.0 0.01171875 0.01171875 0.01171875 4
50 0.1 0.0 0.0 0.01171875 0.0 0.01171875 5
60 0.1 0.16015625 0.0 0.16015625 0.0 0.009765625 6
70 0.1 0.140625 0.0 0.16015625 0.0 0.03125 7
80 0.1 0.12109375 0.0 0.16015625 0.0 0.044921875 8
90 0.1 0.1015625 0.0 0.16015625 0.0 0.053385416666666664 9
100 0.1 0.078125 0.0 0.16015625 0.0 0.058203125 10
110 0.1 0.0703125 0.0 0.16015625 0.0 0.060014204545454544 11
120 0.1 0.05859375 0.0 0.16015625 0.0 0.060872395833333336 12
130 0.1 0.05078125 0.0 0.16015625 0.0 0.060697115384615384 13
140 0.1 0.0390625 0.0 0.16015625 0.0 0.05998883928571429 14
150 0.1 0.03125 0.0 0.16015625 0.0 0.05859375 15
160 0.1 0.03125 0.0 0.16015625 0.0 0.056884765625 16
170 0.1 0.01953125 0.0 0.16015625 0.0 0.055376838235294115 17
180 0.1 0.01953125 0.0 0.16015625 0.0 0.053385416666666664 18
190 0.1 0.1015625 0.0 0.16015625 0.0 0.051603618421052634 19
200 0.1 0.078125 0.0 0.16015625 0.0 0.0541015625 20
210 0.1 0.140625 0.0 0.16015625 0.0 0.05524553571428571 21
220 0.1 0.26953125 0.0 0.26953125 0.0 0.059126420454545456 22
230 0.1 0.46875 0.0 0.46875 0.0 0.06827445652173914 23
240 0.1 0.55078125 0.0 0.55078125 0.0 0.0849609375 24
250 0.1 0.5390625 0.0 0.55078125 0.0 0.10359375 25
260 0.1 0.5390625 0.0 0.55078125 0.0 0.12034254807692307 26
270 0.1 0.44921875 0.0 0.55078125 0.0 0.13585069444444445 27
280 0.1 0.37890625 0.0 0.55078125 0.0 0.14704241071428573 28
290 0.1 0.3203125 0.0 0.55078125 0.0 0.15503771551724138 29
293 0.1 0.26953125 0.0 0.55078125 0.0 0.160546875 30
