0 1.4 60.41671428571429 90.56531424370603 238.025 8.47 0 0
10 5.2 54.66525000000003 85.5282341777972 238.148 7.391 60.41671428571429 14
20 8.8 52.68589772727273 83.0546997146021 238.148 6.946 55.8852575757576 66
30 7.5 37.05285333333332 65.98768297385875 238.148 6.946 54.057051948051964 154
40 11.8 58.3620847457627 88.28799352298618 242.958 6.848 48.487991266375545 229
50 12.5 39.060832 67.17603698078487 242.958 6.848 51.84575216138328 347
60 15.9 54.34716352201263 83.97459832883386 245.11 6.848 48.45991525423728 472
70 25.4 52.32706299212599 84.65546408536098 287.701 6.434 49.94338985736926 631
80 26.5 46.85756981132077 76.62461883585111 287.701 6.292 50.6275175141243 885
90 35.7 104.62982072829129 170.1054008880341 936.121 6.292 49.75879043478262 1150
100 47.6 71.81398529411781 108.51822980100961 936.121 6.257 62.75743530192435 1507
110 50 62.54533399999995 106.34719234218849 936.121 6.257 64.93137266767528 1983
120 58.4 202.55681849315098 307.0065746476026 1778.531 6.021 64.45089770438986 2483
130 75.7 979.6810779392329 741.8783242929036 4356.312 6.021 90.74821030322796 3067
140 80.5 1967.358156521741 825.2415000392465 4927.09 6.021 266.72158394351453 3824
150 106.2 2221.99364689265 1374.9253439213774 6132.478 0.706 562.468492763016 4629
160 174.6 1362.667277777777 1719.7159098037052 6902.166 0.684 872.1532078720778 5691
170 213 1207.4034615023472 1604.72332646981 6902.166 0.684 987.3122190399346 7437
180 284 873.1243461267627 1401.6285793460868 6902.166 0.67 1036.3134050381514 9567
190 374.7 716.1700224179375 1362.3518398304166 7017.899 0.666 998.958933585879 12407
200 444 570.3627376126141 1198.0730201162655 7017.899 0.666 933.3646504271395 16154
210 557.5 455.75722690582893 1074.8972884378907 7017.899 0.657 855.1026084296407 20594
220 748.7 329.34122893014626 963.8040718183327 7017.899 0.657 770.0267361381793 26169
230 858.4 324.4596629776338 934.060964810992 7060.48 0.657 671.9933277573098 33656
240 646.4 397.0873219368797 889.866043439524 7060.48 0.657 601.3676417140158 42240
250 310.4 176.25342590206213 316.0039081435577 7060.48 0.657 574.2555361982592 48704
260 28.6 13.37065734265735 4.237828043460777 7060.48 0.657 550.4098260693331 51808
270 0 0 0 7060.48 0.657 547.4614404154031 52094
280 0 0 0 7060.48 0.657 547.4614404154031 52094
290 0 0 0 7060.48 0.657 547.4614404154031 52094
293 0 0 0 7060.48 0.657 547.4614404154031 52094
