0 1.4 60.41671428571429 90.56531424370603 238.025 8.47 0 0
10 5.6 50.75178571428574 83.50824718718212 238.148 7.391 60.41671428571429 14
20 10.8 42.91005555555557 77.47026631718889 238.148 6.946 52.684771428571445 70
30 10.3 27.063417475728144 58.192513531860875 238.148 6.946 46.75404494382024 178
40 13.3 51.68015037593985 85.0948093648169 242.958 6.848 39.53648398576513 281
50 16.7 29.335437125748513 59.92100985929247 242.958 6.848 43.43771014492754 414
60 19.5 44.17176923076924 78.44172620214566 245.11 6.848 39.38421686746989 581
70 29.8 44.58383892617446 80.1376876926145 287.701 6.434 40.587274484536096 776
80 34.4 36.073279069767395 69.49198742019233 287.701 6.292 41.69619087523277 1074
90 43.4 86.04907142857141 154.5430617398383 924.845 6.088 40.33209943582509 1418
100 56.9 60.056302284709965 102.27024788949062 924.845 6.088 51.04547192224621 1852
110 66.4 47.071960843373446 94.89470757681286 924.845 6.088 53.16325898389093 2421
120 71.2 170.25319101123603 266.6852039043148 1556.944 6.021 51.852198379254425 3085
130 86.6 863.6606743648949 631.9660770548868 3084.179 6.021 74.05433342112192 3797
140 97 1672.5295113402078 491.8848648777847 3372.227 6.021 220.697930087926 4663
150 130.5 1813.9988720306492 989.7463779727274 4468.41 0.682 470.7026582638027 5633
160 206.3 1158.8881444498272 1386.9763171845893 4468.41 0.68 723.3693574517149 6938
170 260.9 986.4878006899214 1296.7011674965759 4468.41 0.679 823.1888505721577 9001
180 357.8 696.5323747903852 1126.8701957367175 4468.41 0.67 859.8854018949178 11610
190 451.8 586.8163629924795 1150.1591305910179 4623.14 0.39 821.4025778904394 15188
200 559.4 456.95853575259315 1008.9656521331889 4623.14 0.39 767.6189323556284 19706
210 690.6 366.24691065739904 903.1966670870562 4623.14 0.39 698.9298312252972 25300
220 906.7 267.22740200727867 832.7991475789586 4623.14 0.39 627.5919361299142 32206
230 1093.5 255.93788696844922 807.6131266853528 4805.43 0.39 548.425768638093 41273
240 882.3 294.03673637084944 734.5063323938604 4805.43 0.39 487.16398910128726 52208
250 537.5 90.43199720930298 168.21271462694992 4805.43 0.39 459.2443785617147 61031
260 57.2 6.6376520979021 2.552348058451592 4805.43 0.39 429.3921581333014 66406
270 0 0 0 4805.43 0.39 425.7817849144497 66978
280 0 0 0 4805.43 0.39 425.7817849144497 66978
290 0 0 0 4805.43 0.39 425.7817849144497 66978
293 0 0 0 4805.43 0.39 425.7817849144497 66978
