20 1.1 17036.517454545457 1479.4339291553601 19216.43 14458.043 0 0
30 1.5 17242.890866666672 1506.6502763226276 19812.861 14458.043 17036.517454545457 11
40 0.6 17449.1565 2404.744326346133 21077.653 13413.092 17155.579038461543 26
50 2 17701.7591 1632.135465445773 22169.443 13413.092 17210.624812500006 32
60 1.9 18114.054947368422 1768.8900909087024 22169.443 13413.092 17399.52261538462 52
70 2 17581.2169 1887.8221669032519 22169.443 13413.092 17590.73549295775 71
80 3.5 17413.998914285712 1776.5142259567483 22169.443 13413.092 17588.643494505497 91
90 4.3 18166.979209302328 1539.5139457391501 22169.443 13413.092 17540.13111111111 126
100 3.8 17539.97257894737 2118.798996107349 22791.86 13413.092 17699.62500591716 169
110 7.9 17992.91215189873 1707.1384967088331 22791.86 13413.092 17670.316830917876 207
120 6.1 18252.23996721311 2181.178579270661 22791.86 13413.092 17759.42532867133 286
130 5 20717.831819999985 2313.9255754775877 25615.989 13413.092 17846.05844956772 347
140 5.8 24233.77305172414 2249.7504125874 29120.02 13413.092 18207.74275314861 397
150 11 28463.30730909091 2636.308582884447 34164.16 13413.092 18975.89606593406 455
160 15.5 29431.50813548386 3980.2904027529 37566.238 13413.092 20823.00267964601 565
170 21.1 28641.1188815166 5847.420574809725 40962.307 13413.092 22676.222604166658 720
180 36.6 26080.707297814184 5374.408420017152 40962.307 13413.092 24028.094907626204 931
190 36.4 24699.338019230756 5237.26966608406 43213.898 13413.092 24607.32091750192 1297
200 54.1 22027.815116451027 4388.260303328004 43213.898 12962.801 24627.486013847072 1661
210 66.7 21634.813572713607 4037.697641635873 43213.898 12376.643 23988.783945049952 2202
220 73.1 20754.741328317345 3957.769286201134 43213.898 12350.101 23441.520704078066 2869
230 112.1 19779.663987511176 3339.3214210053816 43213.898 12185.063 22895.955225277765 3600
240 122 19993.292947541 3309.913881274794 43213.898 12185.063 22155.992828002538 4721
250 129 19562.543070542662 2887.044456822383 43213.898 12185.063 21711.87671048645 5941
260 21.1 21392.773521326995 2095.598779365936 43213.898 12185.063 21328.438680403822 7231
270 0 0 0 43213.898 12185.063 21330.262739989255 7442
280 0 0 0 43213.898 12185.063 21330.262739989255 7442
290 0 0 0 43213.898 12185.063 21330.262739989255 7442
293 0 0 0 43213.898 12185.063 21330.262739989255 7442
