0 3.7 3.7
10 23.4421875 27.1421875
20 49.621875 76.7640625
30 45.10234375 121.86640625
40 58.7109375 180.57734375
50 75.82265625 256.4
60 84.24140625 340.64140625
70 126.67578125 467.3171875
80 159.45859375 626.77578125
90 184.94921875 811.725
100 250.4765625 1062.2015625
110 303.403125 1365.6046875
120 318.6328125 1684.2375
130 393.00546875 2077.24296875
140 477.06953125 2554.3125
150 544.53203125 3098.84453125
160 784.69609375 3883.540625
170 934.0984375 4817.6390625
180 1216.040625 6033.6796875
190 1328.9296875 7362.609375
200 1599.93671875 8962.54609375
210 1810.63359375 10773.1796875
220 2073.5375 12846.7171875
230 2374.328125 15221.0453125
240 2158.51640625 17379.56171875
250 2310.36640625 19689.928125
260 338.3484375 20028.2765625
270 0 20028.2765625
280 0 20028.2765625
290 0 20028.2765625
293 0 20028.2765625
