0 29.20703125 29.20703125
10 110.16796875 139.375
20 182.59609375 321.97109375
30 134.9390625 456.91015625
40 249.87890625 706.7890625
50 225.26796875 932.05703125
60 321.88046875 1253.9375
70 521.39375 1775.33125
80 500.075 2275.40625
90 705.1046875 2980.5109375
100 967.22890625 3947.73984375
110 947.06484375 4894.8046875
120 1121.31484375 6016.11953125
130 1550.80859375 7566.928125
140 1591.5265625 9158.4546875
150 1814.27109375 10972.72578125
160 1673.2046875 12645.93046875
170 1947.68125 14593.61171875
180 2023.2375 16616.84921875
190 2357.2484375 18974.09765625
200 2520.6921875 21494.78984375
210 2837.915625 24332.70546875
220 3358.796875 27691.50234375
230 4045.71171875 31737.2140625
240 3515.521875 35252.7359375
250 3615.9640625 38868.7
260 336.75078125 39205.45078125
270 0 39205.45078125
280 0 39205.45078125
290 0 39205.45078125
293 0 39205.45078125
