0 0.5 2.9264 3.557084907617472 10.04 1.09 0 0
10 1.5 1.2003333333333333 0.17651880604878586 10.04 1.076 2.9264 5
20 1 1.1212 0.05007753987567673 10.04 1.041 1.63185 20
30 1.6 1.3918750000000002 0.9877800789522939 10.04 0.921 1.4616333333333336 30
40 1.6 1.255125 0.25650216251525043 10.04 0.921 1.4373695652173912 46
50 1.8 1.1446666666666665 0.07005949852327907 10.04 0.921 1.3903387096774193 62
60 3.1 1.5346451612903222 1.272385885583232 10.04 0.921 1.3350624999999998 80
70 4.1 1.1796829268292686 0.197377988125099 10.04 0.921 1.3908018018018014 111
80 5.1 1.1317450980392152 0.10185954249622083 10.04 0.921 1.3338552631578946 152
90 7.5 1.13496 0.12468557147213677 10.04 0.921 1.28307881773399 203
100 7.5 1.232786666666666 0.4755971767040769 10.04 0.904 1.243118705035971 278
110 8.8 1.224 0.400895361545991 10.04 0.904 1.2409235127478753 353
120 12.2 1.1875655737704913 0.5492033274484128 10.04 0.888 1.2375464852607712 441
130 15.7 1.1726496815286613 0.3835990785613894 10.04 0.888 1.226715808170515 563
140 17.8 1.214241573033708 0.5642686756073589 10.04 0.885 1.2149263888888886 720
150 27.6 1.2662318840579714 0.7570457435478966 10.04 0.866 1.2147906458797326 898
160 32.5 1.2192799999999995 0.5448531192899605 10.04 0.838 1.226884156729131 1174
170 28.1 1.1989110320284706 0.3888457633456851 10.04 0.838 1.2252354903268843 1499
180 59.4 1.2488872053872044 0.7615911987044245 10.04 0.735 1.2210797752808988 1780
190 66.5 1.279736842105263 0.7079780219894566 10.04 0.735 1.22803748946925 2374
200 67.1 1.1883666169895686 0.8403254743549117 15.754 0.735 1.239350444225074 3039
210 109.8 1.1302823315118367 0.5455031304033093 15.754 0.713 1.2301293800539086 3710
220 122.6 1.2035187601957593 0.7981472121879656 15.754 0.713 1.2073273710482524 4808
230 122.5 1.1231575510204097 0.5537556556804492 15.754 0.705 1.2065535299966852 6034
240 208.7 1.11643555342597 0.5519937557726937 15.754 0.69 1.192479955916793 7259
250 240.2 1.043822647793503 0.3913111760345912 15.754 0.69 1.1754989300235394 9346
260 237.6 1.0473438552188552 0.48095694543577905 15.754 0.69 1.1485763534218587 11748
270 439.3 1.035694513999543 0.5820528417537565 15.754 0.68 1.131546587369017 14124
