0 0.1 3.6144487956212132 0 3.6144487956212132 3.6144487956212132 0 0
10 0.1 0.25012506253126565 0.0 3.6144487956212132 0.25012506253126565 3.6144487956212132 1
20 0.1 0.448654037886341 0.0 3.6144487956212132 0.25012506253126565 1.9322869290762394 2
30 0.1 0.24962556165751376 0.0 3.6144487956212132 0.24962556165751376 1.4377426320129398 3
40 0.1 0.5483549351944167 0.0 3.6144487956212132 0.24962556165751376 1.1407133644240832 4
50 0.1 0.34930139720558884 0.0 3.6144487956212132 0.24962556165751376 1.0222416785781498 5
60 0.1 0.4985044865403789 0.0 3.6144487956212132 0.24962556165751376 0.9100849650160563 6
70 0.1 0.499001996007984 0.0 3.6144487956212132 0.24962556165751376 0.8512877538052452 7
80 0.1 0.7470119521912351 0.0 3.6144487956212132 0.24962556165751376 0.8072520340805877 8
90 0.1 0.6480558325024925 0.0 3.6144487956212132 0.24962556165751376 0.8005586916484373 9
100 0.1 0.8470353761833582 0.0 3.6144487956212132 0.24962556165751376 0.7853084057338429 10
110 0.1 1.093983092988563 0.0 3.6144487956212132 0.24962556165751376 0.7909199485019806 11
120 0.1 1.0468594217347957 0.0 3.6144487956212132 0.24962556165751376 0.8161752105425291 12
130 0.1 1.488833746898263 0.0 3.6144487956212132 0.24962556165751376 0.8339201498650112 13
140 0.1 2.2266204849084614 0.0 3.6144487956212132 0.24962556165751376 0.8806996925102435 14
150 0.1 2.9585798816568047 0.0 3.6144487956212132 0.24962556165751376 0.9704277453367912 15
160 0.1 4.923682914820286 0.0 4.923682914820286 0.24962556165751376 1.094687253856792 16
170 0.1 3.781925343811395 0.0 4.923682914820286 0.24962556165751376 1.3199222927369976 17
180 0.1 3.6836935166994107 0.0 4.923682914820286 0.24962556165751376 1.4567002400189084 18
190 0.1 7.008216529724505 0.0 7.008216529724505 0.24962556165751376 1.5739104124757768 19
200 0.1 7.524271844660194 0.0 7.524271844660194 0.24962556165751376 1.8456257183382132 20
210 0.1 7.083939835031538 0.0 7.524271844660194 0.24962556165751376 2.1160374386392595 21
220 0.1 11.59351145038168 0.0 11.59351145038168 0.24962556165751376 2.3418511839298173 22
230 0.1 13.472485768500949 0.0 13.472485768500949 0.24962556165751376 2.7440972824712024 23
240 0.1 12.32876712328767 0.0 13.472485768500949 0.24962556165751376 3.1911134693891086 24
250 0.1 19.24510717614166 0.0 19.24510717614166 0.24962556165751376 3.5566196155450513 25
260 0.1 19.210897134805073 0.0 19.24510717614166 0.24962556165751376 4.160022983260306 26
270 0.1 19.16588566073102 0.0 19.24510717614166 0.24962556165751376 4.717462766650852 27
