0 0.1 671.90234375 0 671.90234375 671.90234375 0 0
10 0.1 673.23046875 0.0 673.23046875 671.90234375 671.90234375 1
20 0.1 672.9765625 0.0 673.23046875 671.90234375 672.56640625 2
30 0.1 672.98828125 0.0 673.23046875 671.90234375 672.703125 3
40 0.1 672.97265625 0.0 673.23046875 671.90234375 672.7744140625 4
50 0.1 672.96875 0.0 673.23046875 671.90234375 672.8140625 5
60 0.1 672.83984375 0.0 673.23046875 671.90234375 672.83984375 6
70 0.1 672.9609375 0.0 673.23046875 671.90234375 672.83984375 7
80 0.1 672.72265625 0.0 673.23046875 671.90234375 672.85498046875 8
90 0.1 673.09375 0.0 673.23046875 671.90234375 672.8402777777778 9
100 0.1 672.48828125 0.0 673.23046875 671.90234375 672.865625 10
110 0.1 673.08984375 0.0 673.23046875 671.90234375 672.8313210227273 11
120 0.1 672.61328125 0.0 673.23046875 671.90234375 672.8528645833334 12
130 0.1 672.61328125 0.0 673.23046875 671.90234375 672.8344350961538 13
140 0.1 672.26171875 0.0 673.23046875 671.90234375 672.8186383928571 14
150 0.1 671.8671875 0.0 673.23046875 671.8671875 672.7815104166667 15
160 0.1 665.67578125 0.0 673.23046875 665.67578125 672.724365234375 16
170 0.1 660.83203125 0.0 673.23046875 660.83203125 672.3097426470588 17
180 0.1 660.96875 0.0 673.23046875 660.83203125 671.6720920138889 18
190 0.1 660.62890625 0.0 673.23046875 660.62890625 671.1087582236842 19
200 0.1 660.91796875 0.0 673.23046875 660.62890625 670.584765625 20
210 0.1 659.1015625 0.0 673.23046875 659.1015625 670.1244419642857 21
220 0.1 656.9921875 0.0 673.23046875 656.9921875 669.6234019886363 22
230 0.1 657.94921875 0.0 673.23046875 656.9921875 669.0742187499999 23
240 0.1 656.6796875 0.0 673.23046875 656.6796875 668.6106770833333 24
250 0.1 656.10546875 0.0 673.23046875 656.10546875 668.1334375 25
260 0.1 654.7421875 0.0 673.23046875 654.7421875 667.6708233173077 26
270 0.1 652.37109375 0.0 673.23046875 652.37109375 667.1919849537037 27
