0 0.1 0.109375 0 0.109375 0.109375 0 0
10 0.1 0.1015625 0.0 0.109375 0.1015625 0.109375 1
20 0.1 0.078125 0.0 0.109375 0.078125 0.10546875 2
30 0.1 0.0703125 0.0 0.109375 0.0703125 0.09635416666666667 3
40 0.1 0.05859375 0.0 0.109375 0.05859375 0.08984375 4
50 0.1 0.05078125 0.0 0.109375 0.05078125 0.08359375 5
60 0.1 0.0390625 0.0 0.109375 0.0390625 0.078125 6
70 0.1 0.03125 0.0 0.109375 0.03125 0.07254464285714286 7
80 0.1 0.03125 0.0 0.109375 0.03125 0.0673828125 8
90 0.1 0.01953125 0.0 0.109375 0.01953125 0.06336805555555555 9
100 0.1 0.01953125 0.0 0.109375 0.01953125 0.058984375 10
110 0.1 0.1015625 0.0 0.109375 0.01953125 0.05539772727272727 11
120 0.1 0.078125 0.0 0.109375 0.01953125 0.059244791666666664 12
130 0.1 0.0703125 0.0 0.109375 0.01953125 0.060697115384615384 13
140 0.1 0.05859375 0.0 0.109375 0.01953125 0.06138392857142857 14
150 0.1 0.05078125 0.0 0.109375 0.01953125 0.061197916666666664 15
160 0.1 0.0390625 0.0 0.109375 0.01953125 0.060546875 16
170 0.1 0.03125 0.0 0.109375 0.01953125 0.059283088235294115 17
180 0.1 0.03125 0.0 0.109375 0.01953125 0.05772569444444445 18
190 0.1 0.1015625 0.0 0.109375 0.01953125 0.05633223684210526 19
200 0.1 0.16015625 0.0 0.16015625 0.01953125 0.05859375 20
210 0.1 0.140625 0.0 0.16015625 0.01953125 0.06343005952380952 21
220 0.1 0.19921875 0.0 0.19921875 0.01953125 0.06693892045454546 22
230 0.1 0.16015625 0.0 0.19921875 0.01953125 0.07269021739130435 23
240 0.1 0.140625 0.0 0.19921875 0.01953125 0.07633463541666667 24
250 0.1 0.12109375 0.0 0.19921875 0.01953125 0.07890625 25
260 0.1 0.171875 0.0 0.19921875 0.01953125 0.08052884615384616 26
270 0.1 0.30859375 0.0 0.30859375 0.01953125 0.08391203703703703 27
