0 0.5 78.7702 8.116210184562746 87.231 66.452 0 0
10 1.5 71.57593333333332 13.328324348127522 108.785 63.526 78.7702 5
20 0.9 69.42988888888888 6.3286413399620445 108.785 63.526 73.37449999999998 20
30 1.7 75.5859411764706 15.380385860954013 116.489 62.769 72.15031034482757 29
40 1.6 69.38768749999998 8.47542014975327 116.489 62.769 73.41999999999999 46
50 1.8 67.5603888888889 4.686430318114546 116.489 62.657 72.37940322580644 62
60 3.1 68.77987096774193 6.5822814347744565 116.489 62.657 71.29512499999998 80
70 4.1 70.71929268292679 8.79470638798829 116.489 62.657 70.59266666666664 111
80 5 74.58422 11.712622671784484 116.489 62.657 70.62682236842103 152
90 7.4 87.72314864864862 20.853784550999972 160.951 62.03 71.60637623762375 202
100 7.6 82.38107894736844 18.685232908962856 160.951 61.939 75.92753985507245 276
110 8.8 84.00857954545455 24.1313635562639 203.148 61.939 77.32091761363635 352
120 12.3 107.9903983739837 35.96102351445453 226.15 61.939 78.65844999999999 440
130 15.3 131.67167320261441 59.90003021612929 396.453 61.939 85.06667317939608 563
140 18.1 161.4389502762429 79.28678751727607 396.453 61.939 95.02556284916201 716
150 20.6 1087.9990533980585 660.4256540228482 2611.609 61.939 108.42670345596429 897
160 24.2 3578.01526859504 709.8665852424432 4815.25 61.939 291.374939256573 1103
170 24.6 5765.904666666663 1044.0660152300684 7105.065 1.765 882.7258386617099 1345
180 59.1 3021.2839526226758 3649.8145508878706 8235.181 1.362 1637.7616599622872 1591
190 66.4 2920.2363237951854 3854.3254422309287 8333.458 1.362 2012.4920334555457 2182
200 67.1 2862.097260804772 3833.699789827703 8341.899 1.362 2224.2777709065367 2846
210 109.9 1714.0709717925374 3284.9591625205576 8539.65 1.362 2345.9658225760604 3517
220 122.5 1606.4489983673436 3242.9924845147348 8609.146 1.362 2195.521186308493 4616
230 122.4 1559.401450163399 3195.660100312683 8609.146 1.341 2071.978397363465 5841
240 208.8 888.7073793103476 2520.99485947921 8609.146 1.334 1983.1752574663833 7065
250 240.2 815.3055029142386 2425.4897499546546 8609.146 1.332 1733.5031358024694 9153
260 237.6 803.0315643939405 2413.2069082534495 8609.146 1.322 1542.6324552141932 11555
270 439.3 441.23872934213483 1840.5252062191428 8609.146 1.278 1416.4899157992968 13931
