0 0.6 79.22483333333334 9.682331355217208 92.929 67.653 0 0
10 1.4 74.10492857142857 13.688415756524547 110.906 65.511 79.22483333333334 6
20 1 76.15440000000001 15.337890781981722 118.467 65.511 75.64090000000002 20
30 1.7 74.44088235294119 11.787790507342027 118.467 64.797 75.81206666666667 30
40 1.5 71.85993333333336 8.580199830358781 118.467 64.797 75.31610638297872 47
50 1.9 69.5975263157895 4.548199567074758 118.467 64.674 74.47993548387096 62
60 3.2 70.68809375000001 6.531472146266943 118.467 64.674 73.33467901234567 81
70 3.9 73.0067948717949 8.956189992887131 118.467 64.674 72.58520353982301 113
80 5.3 76.64490566037736 11.498598655002962 118.467 64.674 72.69337500000002 152
90 7.3 90.4070410958904 20.86053983293814 162.912 64.096 73.71499024390245 205
100 7.5 84.31193333333329 18.820005471719597 162.912 64.096 78.098154676259 278
110 8.8 85.85906818181816 24.14454774835561 205.138 64.096 79.4183626062323 353
120 12.5 110.40200799999995 35.55366008241537 228.285 64.096 80.70358276643991 441
130 15.5 134.98587096774193 60.63412754000992 398.412 64.096 87.26242226148409 566
140 17.8 162.62668539325833 79.77503228096566 398.412 64.096 97.52197087378639 721
150 20.9 1130.9631578947367 678.4361304576101 2752.909 64.096 110.41255951056726 899
160 24.3 3634.428119341564 710.9475394618523 4884.936 64.096 302.9171398916967 1108
170 24.5 5816.731522448978 1048.4524291075882 7107.201 3.746 902.145243523316 1351
180 59 2996.493240677968 3650.3750192152324 8237.283 3.138 1656.5773477443606 1596
190 66.4 2910.2655647590373 3850.93009500565 8335.548 2.935 2018.2197891125347 2186
200 67.3 2855.752826151561 3831.232578725827 8343.909 2.837 2226.0508049122814 2850
210 109.9 1708.8212666060072 3279.779625040292 8541.716 2.837 2346.343016179393 3523
220 122.5 1608.5759616326507 3242.9880806091433 8611.298 2.837 2194.7557373431423 4622
230 122.2 1577.4150605564637 3208.1494921773838 8611.298 2.753 2071.9457107918593 5847
240 221.5 872.6302144469526 2498.125645223053 8611.298 2.753 1986.457458622153 7069
250 238.7 822.4285073313758 2432.01199078833 8611.298 2.753 1720.717761740629 9284
260 238.7 791.6069585253468 2395.586907303435 8611.298 2.753 1536.996019792648 11671
270 447.7 437.01469443823856 1828.2568182388288 8611.298 2.753 1410.4315234741782 14058
