0 101.06484375 101.06484375
10 291.8890625 392.95390625
20 179.66171875 572.615625
30 306.99921875 879.61484375
40 285.953125 1165.56796875
50 372.946875 1538.51484375
60 610.03125 2148.54609375
70 736.796875 2885.34296875
80 939.93984375 3825.2828125
90 1435.3234375 5260.60625
100 1488.809375 6749.415625
110 1705.68671875 8455.10234375
120 2370.6203125 10825.72265625
130 2934.97734375 13760.7
140 3454.6484375 17215.3484375
150 4022.5734375 21237.921875
160 4628.70546875 25866.62734375
170 4631.42265625 30498.05
180 4696.50859375 35194.55859375
190 4680.5765625 39875.13515625
200 4679.51640625 44554.6515625
210 4741.44921875 49296.10078125
220 4789.740625 54085.84140625
230 4755.83125 58841.67265625
240 4863.28984375 63704.9625
250 5166.17734375 68871.13984375
260 5042.1828125 73913.32265625
270 5502.17734375 79415.5
