0 0.47890625 0.47890625
10 1.45078125 1.9296875
20 0.96953125 2.89921875
30 1.54296875 4.4421875
40 1.54609375 5.98828125
50 1.73203125 7.7203125
60 2.98359375 10.70390625
70 3.95 14.65390625
80 4.92265625 19.5765625
90 7.2125 26.7890625
100 7.21875 34.0078125
110 8.47421875 42.48203125
120 11.7703125 54.25234375
130 15.13828125 69.390625
140 17.13671875 86.52734375
150 26.59609375 113.1234375
160 31.2828125 144.40625
170 27.0765625 171.4828125
180 57.2390625 228.721875
190 64.06328125 292.78515625
200 64.6359375 357.42109375
210 105.7609375 463.18203125
220 118.09921875 581.28125
230 117.965625 699.246875
240 201.046875 900.29375
250 231.3296875 1131.6234375
260 228.88046875 1360.50390625
270 422.98046875 1783.484375
