0 0.8 2.8899999999999997 3.8933783851560073 13.184 1.267 0 0
10 1.5 1.3908 0.14808655126873155 13.184 1.23 2.8899999999999997 8
20 0.7 1.3734285714285712 0.09226492468175865 13.184 1.23 1.9122608695652175 23
30 1.5 1.375733333333333 0.04720235399026428 13.184 1.23 1.7865333333333333 30
40 2.9 1.4277241379310348 0.40369191876904015 13.184 1.23 1.6496 45
50 1.6 1.3753750000000002 0.09849674804276537 13.184 1.23 1.5626486486486488 74
60 2.7 1.5880000000000005 1.1651662097298803 13.184 1.15 1.5293555555555558 90
70 4.5 1.5658666666666672 0.716722652076799 13.184 1.15 1.5428888888888892 117
80 4.7 1.555553191489362 0.5030953891409866 13.184 1.15 1.549271604938272 162
90 5.2 1.5923076923076924 0.8290339266153647 13.184 1.102 1.550684210526316 209
100 8.1 1.444444444444445 0.4956467529437712 13.184 1.102 1.5589770114942532 261
110 6.9 1.4775507246376816 0.4296426737850374 13.184 1.102 1.5318508771929829 342
120 12.5 1.6475039999999994 2.0921026346678118 24.315 1.102 1.5227347931873483 411
130 13.3 1.4221729323308268 0.5538830325108646 24.315 1.046 1.551832089552239 536
140 15.6 1.4175256410256412 0.6555227943846977 24.315 1.046 1.526055306427504 669
150 25.7 1.3609494163424138 0.3298711713066063 24.315 1.046 1.5055333333333334 825
160 30.4 1.4145065789473683 0.5482328848302964 24.315 1.046 1.4711913123844735 1082
170 31.7 1.5076813880126183 0.9443966257957919 24.315 1.046 1.4587582972582975 1386
180 53.1 1.415821092278718 0.973777822047424 24.315 1.046 1.4678649442160894 1703
190 62.9 1.3635373608903016 0.9982482402093744 24.315 1.026 1.4554946284691137 2234
200 62.6 1.3299361022364218 0.48962124542159513 24.315 0.972 1.435291652113168 2863
210 123.2 2.1081875000000023 29.245157523751377 1028.077 0.847 1.416388650042992 3489
220 198.6 1.833405840886207 23.138989100033005 1032.039 0.847 1.5969216267739892 4721
230 133.9 1.3907654966392864 0.8044448674144445 1032.039 0.847 1.6669466229312673 6707
240 55.2 1.3243931159420288 0.6386616465083258 1032.039 0.847 1.6209850857568997 8046
249 0 0 0 1032.039 0.847 1.6019435915329163 8598
