0 0.1 15.046377318865945 0 15.046377318865945 15.046377318865945 0 0
10 0.1 1.4471057884231537 0.0 15.046377318865945 1.4471057884231537 15.046377318865945 1
20 0.1 0.4502251125562781 0.0 15.046377318865945 0.4502251125562781 8.246741553644549 2
30 0.1 0.4497751124437781 0.0 15.046377318865945 0.4497751124437781 5.647902739948459 3
40 0.1 0.5 0.0 15.046377318865945 0.4497751124437781 4.3483708330722886 4
50 0.1 1.3979031452820767 0.0 15.046377318865945 0.4497751124437781 3.578696666457831 5
60 0.1 1.3986013986013985 0.0 15.046377318865945 0.4497751124437781 3.215231079595205 6
70 0.1 0.6996501749125438 0.0 15.046377318865945 0.4497751124437781 2.9557125537389473 7
80 0.1 1.500750375187594 0.0 15.046377318865945 0.4497751124437781 2.673704756385647 8
90 0.1 2.29197807673144 0.0 15.046377318865945 0.4497751124437781 2.5433764918080852 9
100 0.1 1.744765702891326 0.0 15.046377318865945 0.4497751124437781 2.5182366503004205 10
110 0.1 2.7944111776447107 0.0 15.046377318865945 0.4497751124437781 2.4479211096268663 11
120 0.1 2.6959560659011483 0.0 15.046377318865945 0.4497751124437781 2.4767952819616865 12
130 0.1 4.360753221010902 0.0 15.046377318865945 0.4497751124437781 2.4936538038031837 13
140 0.1 2.9850746268656714 0.0 15.046377318865945 0.4497751124437781 2.6270180478894494 14
150 0.1 4.222553402881272 0.0 15.046377318865945 0.4497751124437781 2.650888486487864 15
160 0.1 6.593951412989589 0.0 15.046377318865945 0.4497751124437781 2.749117543762452 16
170 0.1 6.817042606516291 0.0 15.046377318865945 0.4497751124437781 2.975284241952284 17
180 0.1 6.416040100250626 0.0 15.046377318865945 0.4497751124437781 3.1887152622058395 18
190 0.1 9.163745618427642 0.0 15.046377318865945 0.4497751124437781 3.3585744642081967 19
200 0.1 11.677715451300356 0.0 15.046377318865945 0.4497751124437781 3.648833021919169 20
210 0.1 12.317011610297829 0.0 15.046377318865945 0.4497751124437781 4.031160756651606 21
220 0.1 18.94206549118388 0.0 18.94206549118388 0.4497751124437781 4.407790340908253 22
230 0.1 24.18200408997955 0.0 24.18200408997955 0.4497751124437781 5.039715347441977 23
240 0.1 20.955315870570107 0.0 24.18200408997955 0.4497751124437781 5.837310711714376 24
249 0.1 11.019989748846745 0.0 24.18200408997955 0.4497751124437781 6.442030918068605 25
