0 0.1 691.9140625 0 691.9140625 691.9140625 0 0
10 0.1 687.45703125 0.0 691.9140625 687.45703125 691.9140625 1
20 0.1 684.3828125 0.0 691.9140625 684.3828125 689.685546875 2
30 0.1 684.078125 0.0 691.9140625 684.078125 687.91796875 3
40 0.1 683.6953125 0.0 691.9140625 683.6953125 686.9580078125 4
50 0.1 682.43359375 0.0 691.9140625 682.43359375 686.30546875 5
60 0.1 678.08984375 0.0 691.9140625 678.08984375 685.66015625 6
70 0.1 678.2421875 0.0 691.9140625 678.08984375 684.5786830357143 7
80 0.1 674.04296875 0.0 691.9140625 674.04296875 683.78662109375 8
90 0.1 670.98046875 0.0 691.9140625 670.98046875 682.7039930555555 9
100 0.1 664.69140625 0.0 691.9140625 664.69140625 681.531640625 10
110 0.1 648.1796875 0.0 691.9140625 648.1796875 680.0007102272727 11
120 0.1 622.20703125 0.0 691.9140625 622.20703125 677.3489583333334 12
130 0.1 609.6328125 0.0 691.9140625 609.6328125 673.1072716346154 13
140 0.1 609.56640625 0.0 691.9140625 609.56640625 668.5733816964286 14
150 0.1 603.12890625 0.0 691.9140625 603.12890625 664.6395833333333 15
160 0.1 604.421875 0.0 691.9140625 603.12890625 660.795166015625 16
170 0.1 596.17578125 0.0 691.9140625 596.17578125 657.4790900735294 17
180 0.1 604.4609375 0.0 691.9140625 596.17578125 654.0733506944445 18
190 0.1 608.9453125 0.0 691.9140625 596.17578125 651.4621710526316 19
200 0.1 600.96875 0.0 691.9140625 596.17578125 649.336328125 20
210 0.1 598.90625 0.0 691.9140625 596.17578125 647.0331101190476 21
220 0.1 585.33203125 0.0 691.9140625 585.33203125 644.8455255681819 22
230 0.1 569.23828125 0.0 691.9140625 569.23828125 642.2579823369566 23
240 0.1 566.09765625 0.0 691.9140625 566.09765625 639.2154947916667 24
249 0.1 593.34375 0.0 691.9140625 566.09765625 636.2907812500001 25
