0 0.1 0.171875 0 0.171875 0.171875 0 0
10 0.1 0.140625 0.0 0.171875 0.140625 0.171875 1
20 0.1 0.12109375 0.0 0.171875 0.12109375 0.15625 2
30 0.1 0.1015625 0.0 0.171875 0.1015625 0.14453125 3
40 0.1 0.078125 0.0 0.171875 0.078125 0.1337890625 4
50 0.1 0.0703125 0.0 0.171875 0.0703125 0.12265625 5
60 0.1 0.05859375 0.0 0.171875 0.05859375 0.11393229166666667 6
70 0.1 0.05078125 0.0 0.171875 0.05078125 0.10602678571428571 7
80 0.1 0.0390625 0.0 0.171875 0.0390625 0.09912109375 8
90 0.1 0.0390625 0.0 0.171875 0.0390625 0.09244791666666667 9
100 0.1 0.03125 0.0 0.171875 0.03125 0.087109375 10
110 0.1 0.01953125 0.0 0.171875 0.01953125 0.08203125 11
120 0.1 0.01953125 0.0 0.171875 0.01953125 0.07682291666666667 12
130 0.1 0.01953125 0.0 0.171875 0.01953125 0.07241586538461539 13
140 0.1 0.01171875 0.0 0.171875 0.01171875 0.06863839285714286 14
150 0.1 0.01171875 0.0 0.171875 0.01171875 0.06484375 15
160 0.1 0.01171875 0.0 0.171875 0.01171875 0.06152343750000001 16
170 0.1 0.078125 0.0 0.171875 0.01171875 0.05859375000000001 17
180 0.1 0.0703125 0.0 0.171875 0.01171875 0.05967881944444445 18
190 0.1 0.05859375 0.0 0.171875 0.01171875 0.06023848684210526 19
200 0.1 0.12109375 0.0 0.171875 0.01171875 0.06015625 20
210 0.1 0.1015625 0.0 0.171875 0.01171875 0.06305803571428571 21
220 0.1 0.25 0.0 0.25 0.01171875 0.06480823863636363 22
230 0.1 0.2109375 0.0 0.25 0.01171875 0.07286005434782608 23
240 0.1 0.25 0.0 0.25 0.01171875 0.07861328124999999 24
249 0.1 0.2109375 0.0 0.25 0.01171875 0.08546874999999998 25
