0 2.3 128.19630434782604 108.65987186887139 372.671 7.025 0 0
10 5.4 119.04272222222224 96.89088423227301 372.671 6.737 128.19630434782604 23
20 4 92.38177499999999 81.22516627452589 372.671 5.756 121.77690909090909 77
30 3.4 119.38985294117647 104.01285758900828 372.671 5.756 111.72729059829061 117
40 10.2 150.51913725490192 136.77789417290106 591.978 5.756 113.45263576158942 151
50 9.7 183.77755670103087 212.77876347627878 1127.187 5.756 128.39644268774703 253
60 7.2 138.6003888888889 150.6692000367357 1127.187 5.756 143.74492285714285 350
70 16.8 524.38925 476.7795666838076 1971.309 5.756 142.86718246445497 422
80 17 592.1399176470594 562.2607146122479 2552.026 5.756 251.50397457627113 590
90 16.5 513.071284848485 551.7451171059444 2910.353 5.756 327.6988565789474 760
100 16.3 2691.773374233131 1655.110666080748 7750.876 5.756 360.7652897297298 925
110 14.5 5520.6141862068935 3158.159511425498 13975.471 5.756 709.9880082720592 1088
120 33 4399.850400000003 5270.3554277152525 19319.956 0.75 1275.7145255474452 1233
130 56.6 2913.9863886925814 5135.264184490742 23116.316 0.737 1935.3209481765841 1563
140 66.1 3072.4912057488664 5938.356455168596 27074.363 0.737 2195.5016148426503 2129
150 85.6 2595.998084112145 5327.0693218205915 27074.363 0.719 2403.2758512544815 2790
160 124.5 1668.1511831325279 3886.386748255313 27074.363 0.705 2448.5227605595173 3646
170 125.7 1471.138301511536 3637.9302239660055 27074.363 0.705 2249.8798217133503 4891
180 179.5 1125.445304735376 3250.0948846130623 27074.363 0.705 2090.660873942745 6148
190 256.2 753.4973836846232 2539.3728706767192 27074.363 0.705 1872.5364943975826 7943
200 249.5 825.0546056112237 2543.8391592669573 27074.363 0.705 1599.6209111851501 10505
210 372.1 515.8908890083321 2000.712906384694 27074.363 0.7 1450.963762538462 13000
220 525.1 384.92863664063947 1728.7311724882961 27074.363 0.7 1242.8777531846188 16721
230 490.3 396.05203406077726 1586.5521340913795 27074.363 0.7 1037.8399409248138 21972
240 283.5 641.802454320987 1991.2688209592911 27074.363 0.7 920.7539462325583 26875
249 33 4503.597996969701 3411.965566538628 27074.363 0.7 894.1357207337597 29710
