0 3.9 75.53746153846154 94.1045420912149 260.961 4.418 0 0
10 11.2 57.33301785714286 84.68459342286594 333.075 4.221 75.53746153846154 39
20 10.8 34.14721296296299 60.535489554727924 333.075 4.103 62.034827814569546 151
30 4.7 89.12472340425532 100.93200983234128 333.075 4.103 50.406015444015466 259
40 21.8 79.92147706422023 126.15732874340473 604.608 4.103 56.35300653594773 306
50 24.7 63.12746153846154 114.62496299618178 1048.242 4.103 66.15820992366416 524
60 12.9 81.66347286821701 102.96642802578324 1048.242 4.103 65.18726977950716 771
70 35.7 245.12906722689112 243.3176974000739 1048.242 4.103 67.54885888888892 900
80 37.7 287.6206631299737 262.9211456098508 1055.612 4.103 117.98333333333346 1257
90 34.9 241.15127507163336 318.1326918091584 1407.575 4.009 157.12242350061217 1634
100 29.3 1943.9691092150179 688.1077298262908 3508.13 4.009 171.91116238023213 1983
110 29.4 3812.912568027209 621.0830546222566 5044.131 4.009 400.03637258348004 2276
120 59.8 2637.805896321071 2627.3081395459817 6248.927 0.73 790.4587856031128 2570
130 120.7 1461.7065542667751 2718.3609033726884 8756.167 0.718 1139.168877840909 3168
140 153.5 1434.8132436482083 2759.04821998418 9354.475 0.718 1228.1524150857138 4375
150 174.7 1134.9803755008595 2033.2283698825634 9354.475 0.718 1281.828281725888 5910
160 279 683.9060200716826 1677.3437251440591 9354.475 0.702 1248.3238684863522 7657
170 286.2 688.4992260656868 1786.3340659838143 9354.475 0.702 1097.5891315210104 10447
180 357.7 497.1653690243213 1474.7312554061764 9354.475 0.701 1009.6174349688175 13309
190 578.3 338.08589088708385 1332.6247655363438 9354.475 0.701 901.0635418097826 16886
200 560 356.49174249999936 1243.3319228424598 9354.475 0.687 757.4445133883274 22669
210 755.1 246.06575579393387 1104.332579243354 9354.475 0.687 678.0170303866423 28269
220 1184.5 167.7736101308576 964.6811521401147 9354.475 0.687 586.9599652149634 35820
230 1113.8 171.75875094271782 896.6867180779608 9354.475 0.687 482.78997935592145 47665
240 771.5 256.12701892417266 1054.5597868304817 9354.475 0.687 423.87689971600065 58803
249 107.2 1069.2617108208956 1352.3146725641082 9354.475 0.687 404.42065734086987 66518
