0 0.3 5061.188000000001 557.6642781835678 5661.845 4318.262 0 0
10 1.1 6357.222454545456 924.5614663809159 7607.518 4318.262 5061.188000000001 3
20 1.4 5886.6575 1167.3802506449306 7765.234 4275.243 6079.500785714286 14
30 0.2 7389.6935 794.1655000000001 8183.859 4275.243 5983.079142857144 28
40 2.3 5833.43852173913 1145.5504269694559 8304.697 4170.24 6076.853433333334 30
50 2.8 6045.507642857143 999.6928397046771 8562.626 4037.149 5971.220547169812 53
60 1.3 5670.556846153845 1273.363361367587 8562.626 4037.149 5996.900037037038 81
70 3.5 7305.404942857145 1318.6941887232435 9574.026 4037.149 5951.767468085106 94
80 4.3 7962.910953488376 1237.3498870115648 11256.378 4037.149 6319.033449612403 129
90 3.6 7224.212027777778 1409.5120315103632 11256.378 4037.149 6730.002825581397 172
100 0.5 13994.4728 1518.3439964947866 15496.754 4037.149 6815.539033653847 208
110 1.2 21478.96833333333 2628.017339554206 24564.014 4037.149 6984.058605633804 213
120 4.5 24687.807711111112 5968.245902928637 33971.517 3880.414 7757.120457777778 225
130 11.9 17932.08232773109 11006.184395435208 40406.22 3207.549 10578.901666666667 270
140 16 19961.010106249996 13077.90701790792 46980.458 3207.549 12828.332254498713 389
150 17.5 19314.101822857152 12567.995292481608 52860.487 3167.879 14907.072612021857 549
160 32 13153.559553125 10121.242338998005 52860.487 3128.628 15972.30757320442 724
170 30.3 11620.23112871286 8253.536154655552 52860.487 3128.628 15108.323505747127 1044
180 35.5 10920.482346478875 7631.1362873174485 52860.487 3128.628 14323.696935412025 1347
190 62.1 8996.476703703716 6555.751381737802 52860.487 3128.628 13613.860754994123 1702
200 62.5 8746.692379199987 5494.475193693756 52860.487 3097.355 12379.510563065003 2323
210 72.6 8279.889292011023 5061.780160218792 52860.487 3097.355 11609.32353290366 2948
220 130.1 7106.575668716374 4014.9750106993106 52860.487 3078.226 10951.41137751769 3674
230 125.6 7081.1427428343895 3443.475608794978 52860.487 3078.226 9945.95785849246 4975
240 104.3 7509.296740172578 3796.4282679160215 52860.487 3078.226 9368.489107847854 6231
249 23.6 13659.559122881366 3164.433000169365 52860.487 3078.226 9101.904334753915 7274
