0 17.76796875 17.76796875
10 52.68984375 70.4578125
20 54.70078125 125.15859375
30 20.04609375 145.2046875
40 104.88671875 250.09140625
50 122.06171875 372.153125
60 60.38046875 432.53359375
70 172.4109375 604.94453125
80 184.3375 789.28203125
90 169.05078125 958.3328125
100 159.59765625 1117.93046875
110 155.0453125 1272.97578125
120 246.753125 1519.72890625
130 414.48125 1934.21015625
140 501.28046875 2435.490625
150 538.95234375 2974.44296875
160 744.6875 3719.13046875
170 754.19921875 4473.3296875
180 865.37578125 5338.70546875
190 1243.7046875 6582.41015625
200 1211.5296875 7793.93984375
210 1529.0796875 9323.01953125
220 2207.13046875 11530.15
230 2120.4671875 13650.6171875
240 1553.82421875 15204.44140625
249 425.71953125 15630.1609375
