0 1257.41171875 1257.41171875
10 3531.50859375 4788.9203125
20 2543.603125 7332.5234375
30 1011.82421875 8344.34765625
40 5836.8 14181.14765625
50 8307.2203125 22488.36796875
60 2313.61015625 24801.978125
70 10611.58125 35413.559375
80 10874.79609375 46288.35546875
90 8873.80390625 55162.159375
100 12317.18828125 67479.34765625
110 11302.08984375 78781.4375
120 12380.540625 91161.978125
130 7337.58984375 98499.56796875
140 14605 113104.56796875
150 14447.72890625 127552.296875
160 13721.18203125 141273.47890625
170 15942.33984375 157215.81875
180 12407.57421875 169623.39296875
190 16170.87578125 185794.26875
200 15674.8671875 201469.1359375
210 14130.0546875 215599.190625
220 16656.29609375 232255.48671875
230 20965.64375 253221.13046875
240 17423.71796875 270644.8484375
249 10785.3765625 281430.225
