0 1.1 1.8239090909090907 2.6568173528266845 10.221 0.865 0 0
10 1.3 1.0543846153846155 0.11904461895346273 10.221 0.865 1.8239090909090907 11
20 0.6 1.0668333333333333 0.19821403975388716 10.221 0.865 1.4070833333333332 24
30 1.5 1.1748666666666667 0.6603578693069051 10.221 0.865 1.339033333333333 30
40 2.2 0.9772272727272728 0.1301429046081065 10.221 0.731 1.284311111111111 45
50 1.5 1.0561999999999996 0.21889090128798563 10.221 0.731 1.1834776119402983 67
60 3.4 1.5939411764705889 3.425649315361091 21.245 0.731 1.1601951219512192 82
70 4 1.089075 0.6891337819139329 21.245 0.711 1.2873275862068967 116
80 4 0.9789249999999999 0.10818141880655847 21.245 0.711 1.23649358974359 156
90 9.6 0.9297812499999997 0.11606671959884757 21.245 0.711 1.1839285714285719 196
100 8.5 1.155917647058824 0.65686650468927 21.245 0.711 1.100373287671233 292
110 6.7 1.4097910447761188 2.261470612117708 21.245 0.711 1.1128965517241383 377
120 12.2 1.1648934426229511 1.8196796727985796 21.245 0.678 1.1576981981981982 444
130 13.6 0.9911764705882355 0.4174499068636673 21.245 0.678 1.159249116607774 566
140 15.1 1.1394635761589407 1.183066252839239 21.245 0.678 1.1266880341880345 702
150 27.7 1.049599277978339 0.6260104453513609 21.245 0.678 1.1289495896834705 853
160 32.2 1.0502484472049698 0.6928714984968467 21.245 0.678 1.1094982300884957 1130
170 31.7 0.9688138801261825 0.2829709553539083 21.245 0.678 1.0963588154269976 1452
180 126.8 1.04082334384858 2.102134973851078 41.953 0.533 1.0735031091011873 1769
190 279.5 0.8686422182468687 0.5311174233919458 41.953 0.439 1.0598587421797827 3037
200 344.9 0.8900869817338352 0.597616437338609 41.953 0.439 0.9682177640603564 5832
210 158.8 1.0115283375314874 0.7240853631836746 41.953 0.439 0.9391828466760044 9281
220 0 0 0 41.953 0.439 0.9497527831447234 10869
230 0 0 0 41.953 0.439 0.9497527831447234 10869
240 0 0 0 41.953 0.439 0.9497527831447234 10869
250 0 0 0 41.953 0.439 0.9497527831447234 10869
260 0 0 0 41.953 0.439 0.9497527831447234 10869
262 0 0 0 41.953 0.439 0.9497527831447234 10869
