0 0.1 4.170716982676585 0 4.170716982676585 4.170716982676585 0 0
10 0.1 0.35035035035035034 0.0 4.170716982676585 0.35035035035035034 4.170716982676585 1
20 0.1 0.7496251874062968 0.0 4.170716982676585 0.35035035035035034 2.2605336665134677 2
30 0.1 1.048951048951049 0.0 4.170716982676585 0.35035035035035034 1.7568975068110773 3
40 0.1 0.6993006993006993 0.0 4.170716982676585 0.35035035035035034 1.5799108923460703 4
50 0.1 0.5508262393590386 0.0 4.170716982676585 0.35035035035035034 1.403788853736996 5
60 0.1 0.6003001500750376 0.0 4.170716982676585 0.35035035035035034 1.2616284180073365 6
70 0.1 0.7014028056112225 0.0 4.170716982676585 0.35035035035035034 1.1671529511598653 7
80 0.1 1.1517275913870806 0.0 4.170716982676585 0.35035035035035034 1.1089341829662849 8
90 0.1 1.691542288557214 0.0 4.170716982676585 0.35035035035035034 1.1136890061241511 9
100 0.1 1.706827309236948 0.0 4.170716982676585 0.35035035035035034 1.1714743343674574 10
110 0.1 1.8036072144288577 0.0 4.170716982676585 0.35035035035035034 1.22014278662832 11
120 0.1 2.941176470588235 0.0 4.170716982676585 0.35035035035035034 1.268764822278365 12
130 0.1 3.3349925335988053 0.0 4.170716982676585 0.35035035035035034 1.3974118721483548 13
140 0.1 4.615384615384616 0.0 4.615384615384616 0.35035035035035034 1.535810490823387 14
150 0.1 5.470675209462789 0.0 5.470675209462789 0.35035035035035034 1.7411154324608022 15
160 0.1 7.097092163627402 0.0 7.097092163627402 0.35035035035035034 1.9742129185234265 16
170 0.1 8.390578999018645 0.0 8.390578999018645 0.35035035035035034 2.275558756470719 17
180 0.1 9.579667644183774 0.0 9.579667644183774 0.35035035035035034 2.615282103278937 18
190 0.1 12.346311475409836 0.0 12.346311475409836 0.35035035035035034 2.981828710694981 19
200 0.1 15.228966986155484 0.0 15.228966986155484 0.35035035035035034 3.4500528489307234 20
210 0.1 18.312101910828023 0.0 18.312101910828023 0.35035035035035034 4.010953522131903 21
220 0.1 14.209505334626577 0.0 18.312101910828023 0.35035035035035034 4.66100572161809 22
230 0.1 5.107661492238358 0.0 18.312101910828023 0.35035035035035034 5.076157878705415 23
240 0.1 2.1890547263681595 0.0 18.312101910828023 0.35035035035035034 5.077470529269289 24
250 0.1 0.050050050050050046 0.0 18.312101910828023 0.050050050050050046 4.961933897153243 25
260 0.1 0.0 0.0 18.312101910828023 0.0 4.773015287649274 26
262 0.1 0.05002501250625312 0.0 18.312101910828023 0.0 4.596236943662264 27
