0 0.1 688.76953125 0 688.76953125 688.76953125 0 0
10 0.1 682.44921875 0.0 688.76953125 682.44921875 688.76953125 1
20 0.1 676.50390625 0.0 688.76953125 676.50390625 685.609375 2
30 0.1 676.2734375 0.0 688.76953125 676.2734375 682.57421875 3
40 0.1 674.13671875 0.0 688.76953125 674.13671875 680.9990234375 4
50 0.1 668.21484375 0.0 688.76953125 668.21484375 679.6265625 5
60 0.1 665.30859375 0.0 688.76953125 665.30859375 677.724609375 6
70 0.1 660.89453125 0.0 688.76953125 660.89453125 675.9508928571429 7
80 0.1 647.14453125 0.0 688.76953125 647.14453125 674.06884765625 8
90 0.1 636.6171875 0.0 688.76953125 636.6171875 671.0772569444445 9
100 0.1 629.39453125 0.0 688.76953125 629.39453125 667.63125 10
110 0.1 607.8671875 0.0 688.76953125 607.8671875 664.1551846590909 11
120 0.1 589.8515625 0.0 688.76953125 589.8515625 659.4645182291666 12
130 0.1 569.6796875 0.0 688.76953125 569.6796875 654.1096754807693 13
140 0.1 556.12890625 0.0 688.76953125 556.12890625 648.0789620535714 14
150 0.1 548.0625 0.0 688.76953125 548.0625 641.9489583333333 15
160 0.1 554.05078125 0.0 688.76953125 548.0625 636.0810546875 16
170 0.1 559.359375 0.0 688.76953125 548.0625 631.2557444852941 17
180 0.1 544.20703125 0.0 688.76953125 544.20703125 627.2615017361111 18
190 0.1 537.1484375 0.0 688.76953125 537.1484375 622.8902138157895 19
200 0.1 520.08203125 0.0 688.76953125 520.08203125 618.603125 20
210 0.1 513.63671875 0.0 688.76953125 513.63671875 613.9116443452381 21
220 0.1 511.15234375 0.0 688.76953125 511.15234375 609.3536931818181 22
230 0.1 614.67578125 0.0 688.76953125 511.15234375 605.0840692934781 23
240 0.1 673.29296875 0.0 688.76953125 511.15234375 605.4837239583331 24
250 0.1 674.390625 0.0 688.76953125 511.15234375 608.1960937499998 25
260 0.1 674.63671875 0.0 688.76953125 511.15234375 610.7420372596152 26
262 0.1 674.87890625 0.0 688.76953125 511.15234375 613.1085069444443 27
