0 2.3 133.3119565217391 144.760836676126 483.22 6.47 0 0
10 5.8 57.17531034482759 79.42308900509086 483.22 5.633 133.3119565217391 23
20 7.8 80.59435897435894 123.26995472497256 601.517 4.78 78.79435802469135 81
30 7.8 63.38891025641025 91.59218377806883 601.517 4.321 79.67737735849055 159
40 11.7 74.39768376068378 87.02527046210517 601.517 4.321 74.31661603375525 237
50 12.4 72.19976612903233 95.03761606893491 601.517 4.321 74.34340960451976 354
60 15.7 120.60346496815288 146.51093372040384 620.981 4.321 73.78731799163181 478
70 20.2 300.5712029702969 288.2443070496073 1313.033 4.321 85.36233385826773 635
80 27.4 418.35054744525513 398.7291442673612 2244.742 4.321 137.3004360812425 837
90 27.9 658.4088422939068 703.8754323389222 2921.409 4.321 206.61432493249316 1111
100 25.4 3306.46448818898 950.1705103554959 7548.759 4.321 297.29826043165457 1390
110 28 5141.825803571423 1754.6321047513513 11435.703 0.413 762.2181034063266 1644
120 50.5 3087.4285742574325 3917.5831168717764 14908.365 0.366 1399.5830493762992 1924
130 83.8 2675.2156312649145 3919.0922420740976 16773.501 0.353 1750.4937081103346 2429
140 107.5 1827.764006511629 3058.854824448252 16773.501 0.353 1987.6889856137132 3267
150 136.6 1475.4739795021976 2624.437212573142 16773.501 0.344 1948.0944778903738 4342
160 186.6 970.306740621651 2371.555150604497 16773.501 0.344 1834.9901329712693 5708
170 216.8 900.5388058118077 2318.853832350098 16773.501 0.344 1621.9588139688415 7574
180 290.4 659.6279080578526 1935.571743911936 16773.501 0.344 1461.4128708684054 9742
190 387.8 441.2824538421867 1650.471571084493 16773.501 0.344 1277.2927117665674 12646
200 435.5 498.63129850746355 1897.1686367390641 16773.501 0.344 1081.090352759623 16524
210 314.3 651.1310690423177 1797.7247739036684 16773.501 0.34 959.5994201829596 20879
220 148.5 844.8326774410773 1531.9462677206166 16773.501 0.34 919.2399152443601 24022
230 0.5 7.162400000000001 4.6416240519887015 16773.501 0.34 914.9079770259152 25507
240 0 0 0 16773.501 0.34 914.7300714173729 25512
250 0 0 0 16773.501 0.34 914.7300714173729 25512
260 0 0 0 16773.501 0.34 914.7300714173729 25512
262 0 0 0 16773.501 0.34 914.7300714173729 25512
