0 2.3 133.3119565217391 144.760836676126 483.22 6.47 0 0
10 6.3 52.62876190476193 77.71401919465853 483.22 5.12 133.3119565217391 23
20 9 69.83394444444444 117.9205928046837 601.517 4.78 74.20682558139535 86
30 8.9 55.54253932584271 88.15539800702247 601.517 4.321 71.97069318181819 176
40 12.9 67.46656589147284 85.57094591038242 601.517 4.321 66.45331320754718 265
50 14 63.93750714285714 92.20956374271262 601.517 4.321 66.78506345177665 394
60 17.7 106.9622994350282 142.90496238724194 620.981 4.321 66.03851310861423 534
70 21.9 277.2258082191786 263.32551910432346 1313.033 4.321 76.22629113924049 711
80 31.2 372.80843589743597 354.6947017446417 1437.996 4.321 123.55843548387108 930
90 31.2 619.4435801282054 673.2029424164169 2553.339 4.321 186.17196215781007 1242
100 27.7 3073.1798086642625 764.1799120498482 5214.873 4.321 273.16085842985854 1554
110 29.4 4996.104251700684 1529.5596484251917 6980.334 0.381 696.757389950847 1831
120 55.1 2954.764718693294 3645.1498765746046 9001.28 0.352 1291.5846734117656 2125
130 91 2399.0504736263765 3401.860862636508 9533.864 0.352 1634.0406543348306 2676
140 124.1 1613.645734085416 2686.6438345530396 9533.864 0.351 1828.173095928614 3586
150 152.9 1297.9228469587986 2196.8052412662864 9533.864 0.344 1773.0190756163272 4827
160 207.5 867.4464877108437 2121.7475100599727 9533.864 0.344 1658.7298790119594 6356
170 245.8 792.9337408462161 2085.070034525873 9533.864 0.344 1463.9827509192285 8431
180 324 593.5521555555554 1748.945778323028 9533.864 0.344 1312.50525374231 10889
190 431.8 393.638676933765 1502.623769232811 9533.864 0.344 1147.638098379221 14129
200 499.2 431.2132678285264 1710.4109388663887 9533.864 0.341 971.1449286604873 18447
210 374.5 555.099054739653 1591.1685866942028 9533.864 0.34 856.1511639575074 23439
220 195.5 608.7208695652158 1164.7545123242649 9533.864 0.34 814.6767617716309 27184
230 0.7 5.083999999999999 2.364331859713679 9533.864 0.34 800.8587251449951 29139
240 0 0 0 9533.864 0.34 800.6676037878271 29146
250 0 0 0 9533.864 0.34 800.6676037878271 29146
260 0 0 0 9533.864 0.34 800.6676037878271 29146
262 0 0 0 9533.864 0.34 800.6676037878271 29146
