10 0.3 15844.371666666668 2047.6961956967368 18688.289 13949.454 0 0
20 0.9 18830.698444444446 1064.9678801819027 20440.586 13949.454 15844.371666666668 3
30 1.4 17601.421642857145 2395.000691085872 22287.397 12630.982 18084.11675 12
40 0.7 17978.01614285714 1810.6979681142238 22287.397 12630.982 17824.204 26
50 1.8 18072.16377777778 1837.2183017907678 22287.397 12630.982 17856.830818181817 33
60 2.1 17624.269333333334 1605.8118591183036 22287.397 12630.982 17932.83068627451 51
70 1 18454.724400000003 1873.2370732485085 22346.752 12630.982 17842.833625 72
80 3.5 18952.59482857143 2131.2875856559785 22943.9 12630.982 17917.45445121951 82
90 3.2 20472.841281250003 2252.191114448025 24121.783 12630.982 18227.111829059828 117
100 1.5 25674.298 2242.4690154902046 30532.144 12630.982 18709.416140939597 149
110 1.8 30300.724555555564 2837.591574835526 36292.03 12630.982 19346.44801829268 164
120 2.3 36058.04043478262 3495.665604901042 42425.491 12630.982 20429.838005494505 182
130 6.6 38668.91901515151 6795.722408241448 48358.057 12630.982 22183.24608292683 205
140 10.9 35592.45855963303 10808.259087605822 53152.433 12630.982 26198.207018450183 271
150 17 34217.215605882346 11564.657685687409 57137.442 12630.982 28892.87390789474 380
160 20.6 30310.723140776703 10054.972043388145 63446.379 12630.982 30538.57952363636 550
170 24.6 23901.698455284564 7895.427735474883 63446.379 12630.982 30476.49167328042 756
180 33.2 24159.611975903616 7123.184945694224 63446.379 12438.556 28862.320883233537 1002
190 39.2 22480.392946428554 6853.396714839046 63446.379 12438.556 27691.93155997002 1334
200 58.2 20875.192034364292 5879.939872126792 63446.379 11745.188 26508.31444727694 1726
210 61.8 20744.83425728155 5072.918113344349 63446.379 11745.188 25087.830372616994 2308
220 60.4 22160.179192052972 5433.798425051908 63446.379 11745.188 24170.54684586467 2926
230 14.1 25715.33506382979 4072.9777362541786 63446.379 11745.188 23826.56325864023 3530
240 0 0 0 63446.379 11745.188 23899.10938354672 3671
250 0 0 0 63446.379 11745.188 23899.10938354672 3671
260 0 0 0 63446.379 11745.188 23899.10938354672 3671
262 0 0 0 63446.379 11745.188 23899.10938354672 3671
