0 7.60703125 7.60703125
10 25.85078125 33.4578125
20 42.96640625 76.42421875
30 38.934375 115.35859375
40 55.8046875 171.16328125
50 64.0375 235.20078125
60 75.66875 310.86953125
70 97.54609375 408.415625
80 143.1453125 551.5609375
90 157.12265625 708.68359375
100 142.0484375 850.73203125
110 133.13671875 983.86875
120 201.3546875 1185.2234375
130 303.734375 1488.9578125
140 414.73515625 1903.69296875
150 453.12109375 2356.8140625
160 542.1859375 2899
170 589.03515625 3488.03515625
180 715.72265625 4203.7578125
190 836.525 5040.2828125
200 912.73046875 5953.01328125
210 805.76484375 6758.778125
220 693.1546875 7451.9328125
230 3.19609375 7455.12890625
240 0 7455.12890625
250 0 7455.12890625
260 0 7455.12890625
262 0 7455.12890625
