0 1498.15 1498.15
10 2274.5953125 3772.7453125
20 3030.92890625 6803.67421875
30 3032.50625 9836.18046875
40 5037.94296875 14874.1234375
50 4804.76640625 19678.88984375
60 6068.61875 25747.50859375
70 9073.44921875 34820.9578125
80 10861.503125 45682.4609375
90 8888.72734375 54571.18828125
100 10094.36015625 64665.5484375
110 12310.9625 76976.5109375
120 9383.55390625 86360.06484375
130 12995.2578125 99355.32265625
140 10614.66171875 109969.984375
150 10945.209375 120915.19375
160 9768.58671875 130683.78046875
170 9402.76953125 140086.55
180 10586 150672.55
190 8843.13203125 159515.68203125
200 12711.1609375 172226.84296875
210 9744.35234375 181971.1953125
220 7092.8453125 189064.040625
230 4.2796875 189068.3203125
240 0 189068.3203125
250 0 189068.3203125
260 0 189068.3203125
262 0 189068.3203125
