0 0.6 3.2853333333333334 4.326762287078976 12.951 1.17 0 0
10 1.2 1.238 0.15723920206699937 12.951 1.12 3.2853333333333334 6
20 0.6 1.309 0.23138352001240997 12.951 1.095 1.9204444444444444 18
30 1.6 1.3336249999999998 0.3937067238122814 12.951 1.086 1.7675833333333333 24
40 0.9 1.2190000000000003 0.09978977903573086 12.951 1.086 1.5939999999999999 40
50 2.2 1.4258636363636363 1.064423843104144 12.951 1.051 1.5251224489795918 49
60 2.7 1.545333333333333 1.539795681491782 12.951 1.051 1.4943661971830986 71
70 3.6 1.1810833333333335 0.20006976213866556 12.951 0.972 1.508408163265306 98
80 4.7 1.3545106382978729 0.6426214223320118 12.951 0.972 1.4204701492537313 134
90 6.1 1.302540983606557 0.5397674536854262 12.951 0.963 1.4033425414364642 181
100 9 1.3260000000000007 0.5691796240594391 12.951 0.963 1.3779338842975206 242
110 10.1 1.3177821782178216 0.45020155230983616 12.951 0.949 1.3638554216867471 332
120 9 1.382677777777779 0.84165627489001 12.951 0.949 1.3531085450346423 433
130 14 1.4634000000000003 1.3149524912656407 13.361 0.949 1.358196940726578 523
140 17 1.2031058823529401 0.543448358356792 13.361 0.936 1.3804117647058827 663
150 28.1 1.202387900355871 0.43891154078756767 13.361 0.87 1.3442268907563024 833
160 31.1 1.1446366559485537 0.3204882726916365 13.361 0.87 1.308448833034111 1114
170 32 1.2464312499999992 0.6455718842804704 13.361 0.87 1.272697543859649 1425
180 49.4 1.3101781376518216 1.1821158724415781 21.826 0.858 1.2678808022922632 1745
190 66.6 1.1840090090090116 0.6454756329340643 21.826 0.825 1.2772130415363998 2239
200 63.9 1.2129640062597815 0.5074150609588391 21.826 0.825 1.2558450946643722 2905
210 104 1.1223884615384594 0.48526595113236826 21.826 0.79 1.248113431151242 3544
220 124.1 1.1348605962933114 0.3893616057325907 21.826 0.782 1.2195894415357766 4584
230 118.9 1.1006804037005886 0.42554611679791937 21.826 0.782 1.2015381974248927 5825
240 185.2 1.1029730021598265 0.6527204015482053 21.925 0.716 1.1844409751924723 7014
250 242.8 1.0796713344316327 0.46936124868247964 21.925 0.716 1.1674233025039475 8866
260 242.2 1.0359872006606132 0.3459051462341306 21.925 0.709 1.1485582610235525 11294
270 395.1 1.0288319412806881 0.3988817799338572 21.925 0.683 1.1286802274715666 13716
280 499 1.0697739478957915 0.5330596027488966 21.925 0.683 1.1063504273504277 17667
290 517.2 1.0527846094354192 0.5273280339463416 21.925 0.683 1.0982947874828972 22657
300 200.9 1.1047038327526135 0.6827178173365291 21.925 0.683 1.0898367530274171 27829
