0 0.1 0.5356847331402564 0 0.5356847331402564 0.5356847331402564 0 0
10 0.1 0.14992503748125938 0.0 0.5356847331402564 0.14992503748125938 0.5356847331402564 1
20 0.1 0.15 0.0 0.5356847331402564 0.14992503748125938 0.3428048853107579 2
30 0.1 1.2431626056688214 0.0 1.2431626056688214 0.14992503748125938 0.278536590207172 3
40 0.1 0.2 0.0 1.2431626056688214 0.14992503748125938 0.5196930940725843 4
50 0.1 0.05002501250625312 0.0 1.2431626056688214 0.05002501250625312 0.4557544752580675 5
60 0.1 0.29985007496251875 0.0 1.2431626056688214 0.05002501250625312 0.38813289813276514 6
70 0.1 0.3 0.0 1.2431626056688214 0.05002501250625312 0.3755210662513013 7
80 0.1 0.44932601098352476 0.0 1.2431626056688214 0.05002501250625312 0.36608093296988864 8
90 0.1 0.24987506246876562 0.0 1.2431626056688214 0.05002501250625312 0.3753303860825149 9
100 0.1 0.5 0.0 1.2431626056688214 0.05002501250625312 0.36278485372113994 10
110 0.1 0.6993006993006993 0.0 1.2431626056688214 0.05002501250625312 0.375258957928309 11
120 0.1 0.5002501250625313 0.0 1.2431626056688214 0.05002501250625312 0.40226243637600817 12
130 0.1 0.5508262393590386 0.0 1.2431626056688214 0.05002501250625312 0.40979995089035615 13
140 0.1 1.1465603190428715 0.0 1.2431626056688214 0.05002501250625312 0.4198732572095477 14
150 0.1 0.8521303258145364 0.0 1.2431626056688214 0.05002501250625312 0.46831906133176926 15
160 0.1 1.900950475237619 0.0 1.900950475237619 0.05002501250625312 0.4923072653619422 16
170 0.1 1.5022533800701052 0.0 1.900950475237619 0.05002501250625312 0.5751686306487467 17
180 0.1 1.998001998001998 0.0 1.998001998001998 0.05002501250625312 0.6266733389499333 18
190 0.1 2.706766917293233 0.0 2.706766917293233 0.05002501250625312 0.6988485315316209 19
200 0.1 3.763171098845961 0.0 3.763171098845961 0.05002501250625312 0.7992444508197015 20
210 0.1 3.720462543991956 0.0 3.763171098845961 0.05002501250625312 0.9403838150114281 21
220 0.1 6.5283400809716605 0.0 6.5283400809716605 0.05002501250625312 1.0667510299650884 22
230 0.1 8.0 0.0 8.0 0.05002501250625312 1.3042114234871132 23
240 0.1 8.190091001011123 0.0 8.190091001011123 0.05002501250625312 1.58320261417515 24
250 0.1 11.431513903192585 0.0 11.431513903192585 0.05002501250625312 1.8474781496485888 25
260 0.1 11.134343962362781 0.0 11.431513903192585 0.05002501250625312 2.216094909400281 26
270 0.1 10.906217070600633 0.0 11.431513903192585 0.05002501250625312 2.5464004298803733 27
280 0.1 17.256162915326904 0.0 17.256162915326904 0.05002501250625312 2.844965309906097 28
290 0.1 19.415900486749592 0.0 19.415900486749592 0.05002501250625312 3.3419031583688836 29
300 0.1 19.047619047619047 0.0 19.415900486749592 0.05002501250625312 3.877703069314907 30
