0 0.1 670.1875 0 670.1875 670.1875 0 0
10 0.1 671.859375 0.0 671.859375 670.1875 670.1875 1
20 0.1 672.1484375 0.0 672.1484375 670.1875 671.0234375 2
30 0.1 670.14453125 0.0 672.1484375 670.14453125 671.3984375 3
40 0.1 670.1328125 0.0 672.1484375 670.1328125 671.0849609375 4
50 0.1 669.765625 0.0 672.1484375 669.765625 670.89453125 5
60 0.1 669.78515625 0.0 672.1484375 669.765625 670.7063802083334 6
70 0.1 670.26953125 0.0 672.1484375 669.765625 670.5747767857143 7
80 0.1 670.82421875 0.0 672.1484375 669.765625 670.53662109375 8
90 0.1 670.6953125 0.0 672.1484375 669.765625 670.5685763888889 9
100 0.1 670.5859375 0.0 672.1484375 669.765625 670.58125 10
110 0.1 670.5703125 0.0 672.1484375 669.765625 670.5816761363636 11
120 0.1 670.68359375 0.0 672.1484375 669.765625 670.5807291666666 12
130 0.1 670.44921875 0.0 672.1484375 669.765625 670.5886418269231 13
140 0.1 670.24609375 0.0 672.1484375 669.765625 670.5786830357143 14
150 0.1 670.17578125 0.0 672.1484375 669.765625 670.5565104166667 15
160 0.1 669.015625 0.0 672.1484375 669.015625 670.53271484375 16
170 0.1 668.63671875 0.0 672.1484375 668.63671875 670.4434742647059 17
180 0.1 670.31640625 0.0 672.1484375 668.63671875 670.3430989583334 18
190 0.1 669.24609375 0.0 672.1484375 668.63671875 670.3416940789474 19
200 0.1 668.3828125 0.0 672.1484375 668.3828125 670.2869140625 20
210 0.1 668.3671875 0.0 672.1484375 668.3671875 670.1962425595239 21
220 0.1 658.73828125 0.0 672.1484375 658.73828125 670.1131036931819 22
230 0.1 658.65234375 0.0 672.1484375 658.65234375 669.6185461956522 23
240 0.1 656.16796875 0.0 672.1484375 656.16796875 669.1616210937501 24
250 0.1 655.83203125 0.0 672.1484375 655.83203125 668.6418750000001 25
260 0.1 656.296875 0.0 672.1484375 655.83203125 668.1491887019232 26
270 0.1 655.2265625 0.0 672.1484375 655.2265625 667.7102141203706 27
280 0.1 653.3125 0.0 672.1484375 653.3125 667.264369419643 28
290 0.1 652.55859375 0.0 672.1484375 652.55859375 666.783270474138 29
300 0.1 651.58984375 0.0 672.1484375 651.58984375 666.3091145833334 30
