0 0.6 24.74866666666667 7.662589263572868 41.86 20.59 0 0
10 1.2 24.476416666666665 5.512893923314889 41.86 20.009 24.74866666666667 6
20 0.6 27.21783333333333 8.045674685126716 41.86 19.172 24.567166666666665 18
30 1.6 24.0776875 6.334364468109152 41.86 19.172 25.229833333333332 24
40 0.9 23.848444444444443 6.33112445886039 41.86 19.172 24.768975 40
50 2.2 23.98286363636364 5.720812261903935 41.86 19.172 24.59989795918367 49
60 2.7 26.512185185185185 6.874680060095118 47.932 19.172 24.408704225352114 71
70 3.6 23.222749999999998 6.381351765430789 52.055 19.172 24.988234693877548 98
80 4.7 25.822617021276596 7.909655361546019 52.055 18.67 24.513925373134324 134
90 6.1 24.990901639344262 5.950471092260963 52.055 18.67 24.853751381215467 181
100 8.9 24.988977528089894 7.007394089965204 67.237 18.61 24.888322314049585 242
110 10.2 24.4480294117647 5.769456521888217 67.237 18.43 24.91538670694864 331
120 9 25.40997777777778 7.6496799133874855 67.237 17.478 24.805293302540413 433
130 14 24.922342857142866 7.200847467755275 67.237 17.478 24.909349904397708 523
140 16.9 24.756236686390537 7.764736756048149 67.237 17.478 24.912093514328816 663
150 27.9 28.444035842293914 9.716967846757345 68.13 17.478 24.880435096153853 832
160 31.2 29.320743589743568 10.563258976143413 75.986 17.248 25.775344734473453 1111
170 32.2 27.265499999999996 8.409677510323434 75.986 17.248 26.552691496837664 1423
180 49.4 35.796275303643704 16.537343311387772 123.057 17.248 26.684224068767904 1745
190 66.5 40.7763864661655 18.124855892346098 147.05 17.19 28.694654309959795 2239
200 63.7 40.307877551020376 23.65145455483816 240.937 17.183 31.46130440771351 2904
210 87.5 555.0272262857146 458.64235835391406 1405.237 17.183 33.05273820954533 3541
220 123.5 1485.7080688259118 725.541949575863 2340.403 1.464 136.47838971920297 4416
230 118.7 1588.5597059814625 587.0941720098328 2340.403 1.464 431.3463164041765 5651
240 183.5 971.9839678474117 891.5053447024776 2340.403 1.407 632.2255637613333 6838
250 242.8 792.6442545304776 920.9173268354923 2340.403 1.376 704.1103408278562 8673
260 242.4 801.7482380363033 930.992175126334 2340.403 1.376 723.4743929375729 11101
270 394.9 482.8678126107867 819.2654058334427 2340.403 1.353 737.5029179297594 13525
280 499.2 393.22340004006514 750.5864393985402 2340.403 1.348 679.9571910838956 17474
290 517 374.19583675048165 740.6697987180559 2340.403 1.348 616.244243300988 22466
300 220.2 509.5178878292462 829.0977001232304 2340.403 1.315 570.9630788102471 27636
