0 0.6 27.732166666666668 9.780023745994802 49.583 22.651 0 0
10 1.3 27.126923076923074 5.7469060901903966 49.583 21.973 27.732166666666668 6
20 0.5 28.1442 8.39438742017546 49.583 21.235 27.318052631578947 19
30 1.6 26.077062500000004 6.346355976747109 49.583 21.235 27.490166666666667 24
40 1 25.602500000000003 6.067289431863293 49.583 21.235 26.924925 40
50 2.3 26.095478260869566 5.718346468734117 49.583 21.212 26.660440000000005 50
60 2.8 28.377607142857137 6.75602914513762 49.925 21.212 26.482438356164387 73
70 3.3 25.23048484848486 6.65764857989717 54.126 21.212 27.00783168316832 101
80 4.8 27.750729166666673 7.868675642326942 54.126 20.711 26.570126865671643 134
90 6.1 27.035836065573775 5.914105462007627 54.126 20.711 26.88149450549451 182
100 9.1 27.056637362637364 7.044662684687012 69.269 20.656 26.92023868312758 243
110 10.1 26.406663366336627 5.798802386217394 69.269 20.457 26.957401197604792 334
120 9.1 27.43615384615386 7.607337074229506 69.269 19.748 26.829528735632188 435
130 14.3 26.932923076923082 7.151029326932053 69.269 19.748 26.934477186311792 526
140 16.6 26.803885542168672 7.831356602395739 69.269 19.748 26.934144992526164 669
150 28.6 30.688779720279715 9.759819174483185 70.037 19.706 26.90824910179641 835
160 30.8 31.305616883116876 10.515015685495126 78.032 19.292 27.872773416592327 1121
170 32 29.256181250000008 8.455255050390168 78.032 19.292 28.612672498250518 1429
180 49.4 37.914720647773265 16.61384158981164 125.623 19.292 28.73040994854202 1749
190 66.4 42.87900000000004 18.160001540274475 149.056 19.253 30.75316941596076 2243
200 64.1 42.5059516380655 23.559383326857485 242.997 19.17 33.52288097695219 2907
210 87.6 568.5329657534236 462.3610501243189 1439.686 19.17 35.145808906426154 3548
220 123.1 1489.2387977254264 726.7255971406963 2342.401 3.138 140.76225316455674 4424
230 118.4 1590.4355287162157 587.8126634715419 2342.401 3.138 434.3033011494251 5655
240 196.8 956.9410096544717 893.0588835183506 2342.401 3.054 634.4583760783738 6839
250 240 803.518545 923.296125786201 2342.401 3.054 706.5198979221074 8807
260 244.8 790.7728664215686 926.9363434856825 2342.401 3.054 727.2923395199429 11207
270 403 477.94742704714565 818.2303666641474 2342.401 2.887 738.6728103991212 13655
280 499.4 391.49908570284356 746.0343152319757 2342.401 2.887 679.2595621713315 17685
290 514.5 379.1333586005826 743.2413168905081 2342.401 2.887 615.8936368887516 22679
300 201.4 518.8636315789471 833.2635899831915 2342.401 2.887 572.1137478795283 27824
