0 43.30859375 43.30859375
10 86.584375 129.89296875
20 43.3265625 173.21953125
30 115.63515625 288.8546875
40 64.93828125 353.79296875
50 158.91875 512.71171875
60 194.8921875 707.60390625
70 260.103125 967.70703125
80 339.434375 1307.14140625
90 440.35703125 1747.4984375
100 642.4828125 2389.98125
110 736.60859375 3126.58984375
120 649.77421875 3776.3640625
130 1010.51484375 4786.87890625
140 1220.43359375 6007.3125
150 2014.1015625 8021.4140625
160 2252.0984375 10273.5125
170 2324.7859375 12598.2984375
180 3566.22421875 16164.52265625
190 4800.521875 20965.04453125
200 4598.296875 25563.34140625
210 6316.86015625 31880.2015625
220 7353.771875 39233.9734375
230 7605.8640625 46839.8375
240 7409.13203125 54248.96953125
250 7790.809375 62039.77890625
260 7783.690625 69823.46953125
270 8045.69140625 77869.1609375
280 8670.30546875 86539.46640625
290 8540.678125 95080.14453125
300 4730.77421875 99810.91875
