0 0.57578125 0.57578125
10 1.1609375 1.73671875
20 0.5828125 2.31953125
30 1.54765625 3.8671875
40 0.8625 4.7296875
50 2.12578125 6.85546875
60 2.5953125 9.45078125
70 3.46796875 12.91875
80 4.5328125 17.4515625
90 5.875 23.3265625
100 8.6625 31.9890625
110 9.72734375 41.71640625
120 8.6734375 50.38984375
130 13.49140625 63.88125
140 16.3859375 80.2671875
150 27.06484375 107.33203125
160 29.940625 137.27265625
170 30.84296875 168.115625
180 47.59921875 215.71484375
190 64.16640625 279.88125
200 61.53515625 341.41640625
210 100.184375 441.60078125
220 119.540625 561.14140625
230 114.49921875 675.640625
240 178.42734375 854.06796875
250 233.8125 1087.88046875
260 233.30546875 1321.1859375
270 380.521875 1701.7078125
280 480.6671875 2182.375
290 498.4109375 2680.7859375
300 193.56953125 2874.35546875
