0 1.8 18
10 6.9 87
20 5.9 146
30 8.5 231
40 9.6 327
50 9.3 420
60 17.5 595
70 13.5 730
80 18.6 916
90 36.1 1277
100 35.9 1636
110 32.8 1964
120 55.4 2518
130 80.4 3322
140 83.9 4161
150 142.4 5585
160 145.8 7043
170 156 8603
180 253.2 11135
190 309.2 14227
200 335.6 17583
210 530.4 22887
220 643.1 29318
230 584.6 35164
240 754.2 42706
250 805.7 50763
260 805.2 58815
270 803.5 66850
280 786.8 74718
290 792.3 82641
300 458.1 87222
310 0 87222
320 0 87222
330 0 87222
340 0 87222
350 0 87222
353 0 87222
