0 0.4 8.306 11.971453190820236 29.041 1.325 0 0
10 1.5 1.3784000000000003 0.07736734884088155 29.041 1.257 8.306 4
20 1.1 1.4013636363636364 0.10873008509588634 29.041 1.257 2.836842105263158 19
30 1.7 1.3595294117647059 0.1413976943181094 29.041 1.206 2.3104999999999998 30
40 2.2 1.4128636363636364 0.13964965757030742 29.041 1.195 1.966531914893617 47
50 1.7 1.3688823529411764 0.15586943342688012 29.041 1.128 1.7899999999999998 69
60 3.7 1.7005135135135139 1.4338708830563667 29.041 1.128 1.7067558139534884 86
70 2.5 1.41072 0.31283650937830126 29.041 1.128 1.704878048780488 123
80 4 1.3324500000000006 0.10139476071277065 29.041 1.128 1.6551891891891892 148
90 7.7 1.4680000000000004 0.676313018284654 29.041 1.106 1.5865212765957448 188
100 6.9 1.3872318840579707 0.4051893507952789 29.041 1.106 1.5520830188679247 265
110 6.2 1.3962096774193549 0.2146998007043243 29.041 1.106 1.5180269461077844 334
120 12 1.41425 0.6481339785620459 29.041 1.079 1.4989545454545454 396
130 16 1.4409062499999996 0.557089678562561 29.041 1.079 1.4792558139534884 516
140 16.7 1.4212514970059877 0.5487880028559273 29.041 1.006 1.4701789940828403 676
150 30.6 1.3682777777777773 0.401886016865385 29.041 1.006 1.4604863582443655 843
160 27.9 1.4050609318996405 0.4726352491346572 29.041 1.006 1.435929503916449 1149
170 31.7 1.4622586750788626 0.6644473588695005 29.041 1.006 1.4298984593837534 1428
180 53.5 1.3923532710280389 0.6259043554054154 29.041 0.887 1.4357770773638963 1745
190 62.2 1.3137652733119 0.5478431924856779 29.041 0.887 1.4255877192982456 2280
200 67.1 1.339688524590163 0.6826118070602516 29.041 0.887 1.4016202618883533 2902
210 110.7 1.2837109304426393 0.6445709562984284 29.041 0.887 1.3899896445563955 3573
220 128.5 1.3299533073929974 0.6004566868969449 29.041 0.887 1.3648506410256416 4680
230 117.9 1.394371501272264 0.6745585263698438 29.041 0.887 1.357332942162616 5965
240 236.3 1.3234380025391468 0.8120733118143046 29.041 0.86 1.3634455487122066 7144
250 370.4 1.25009152267819 0.6987334426367617 29.041 0.815 1.3535015251919644 9507
260 382 1.3179109947643972 0.8139477873027434 29.041 0.815 1.324508212852927 13211
270 755.3 1.3147712167350727 0.5771598938342619 29.041 0.815 1.3230284774822394 17031
280 953.7 1.3370320855615063 0.7202393071442363 29.041 0.807 1.3204915798893597 24584
290 940.3 1.3926453259598 1.3740454294897195 34.227 0.807 1.3251147387239561 34121
300 295.2 1.3356897018970126 0.8451345396828559 34.227 0.807 1.3397041632202946 43524
310 0 0 0 34.227 0.807 1.3394491780704039 46476
320 0 0 0 34.227 0.807 1.3394491780704039 46476
330 0 0 0 34.227 0.807 1.3394491780704039 46476
340 0 0 0 34.227 0.807 1.3394491780704039 46476
350 0 0 0 34.227 0.807 1.3394491780704039 46476
353 0 0 0 34.227 0.807 1.3394491780704039 46476
