0 0.1 2.8377067473505355 0 2.8377067473505355 2.8377067473505355 0 0
10 0.1 0.45045045045045046 0.0 2.8377067473505355 0.45045045045045046 2.8377067473505355 1
20 0.1 0.3003003003003003 0.0 2.8377067473505355 0.3003003003003003 1.644078598900493 2
30 0.1 0.050075112669003496 0.0 2.8377067473505355 0.050075112669003496 1.1961524993670953 3
40 0.1 0.2502502502502503 0.0 2.8377067473505355 0.050075112669003496 0.9096331526925724 4
50 0.1 0.15030060120240482 0.0 2.8377067473505355 0.050075112669003496 0.777756572204108 5
60 0.1 0.44932601098352476 0.0 2.8377067473505355 0.050075112669003496 0.6731805770371575 6
70 0.1 0.6986027944111777 0.0 2.8377067473505355 0.050075112669003496 0.6412013533152099 7
80 0.1 0.5991013479780329 0.0 2.8377067473505355 0.050075112669003496 0.6483765334522059 8
90 0.1 0.35070140280561124 0.0 2.8377067473505355 0.050075112669003496 0.6429015128439645 9
100 0.1 0.751503006012024 0.0 2.8377067473505355 0.050075112669003496 0.6136815018401292 10
110 0.1 0.8016032064128256 0.0 2.8377067473505355 0.050075112669003496 0.6262107294921196 11
120 0.1 0.7021063189568706 0.0 2.8377067473505355 0.050075112669003496 0.6408267692355117 12
130 0.1 1.5523284927391086 0.0 2.8377067473505355 0.050075112669003496 0.6455405807525393 13
140 0.1 2.007024586051179 0.0 2.8377067473505355 0.050075112669003496 0.7103111458944371 14
150 0.1 1.806322127446061 0.0 2.8377067473505355 0.050075112669003496 0.7967587085715533 15
160 0.1 4.378459989934575 0.0 4.378459989934575 0.050075112669003496 0.85985642225121 16
170 0.1 3.937405350832913 0.0 4.378459989934575 0.050075112669003496 1.0668331027031726 17
180 0.1 4.4110275689223055 0.0 4.4110275689223055 0.050075112669003496 1.2263093387103803 18
190 0.1 7.493670886075949 0.0 7.493670886075949 0.050075112669003496 1.3939260876689026 19
200 0.1 8.44925296239052 0.0 8.44925296239052 0.050075112669003496 1.698913327589255 20
210 0.1 8.578811369509044 0.0 8.578811369509044 0.050075112669003496 2.0203580721036007 21
220 0.1 14.783526927138332 0.0 14.783526927138332 0.050075112669003496 2.31846958562203 22
230 0.1 16.380236305048335 0.0 16.380236305048335 0.050075112669003496 2.860428600470564 23
240 0.1 16.199047114875594 0.0 16.380236305048335 0.050075112669003496 3.423753921494638 24
250 0.1 24.208772903942254 0.0 24.208772903942254 0.050075112669003496 3.934765649229876 25
260 0.1 27.465596330275226 0.0 27.465596330275226 0.050075112669003496 4.714535159026506 26
270 0.1 27.904328018223236 0.0 27.904328018223236 0.050075112669003496 5.55716705425794 27
280 0.1 46.682464454976305 0.0 46.682464454976305 0.050075112669003496 6.355279945828129 28
290 0.1 51.61290322580645 0.0 51.61290322580645 0.050075112669003496 7.745872515109101 29
300 0.1 51.50442477876106 0.0 51.61290322580645 0.050075112669003496 9.208106872132344 30
310 0.1 11.923276308968378 0.0 51.61290322580645 0.050075112669003496 10.572504223959077 31
320 0.1 0.09995002498750624 0.0 51.61290322580645 0.050075112669003496 10.614715851615617 32
330 0.1 0.05002501250625312 0.0 51.61290322580645 0.05002501250625312 10.296086584142039 33
340 0.1 0.0 0.0 51.61290322580645 0.0 9.994731832035102 34
350 0.1 0.0 0.0 51.61290322580645 0.0 9.709168065405528 35
353 0.1 0.14992503748125938 0.0 51.61290322580645 0.0 9.439468952477597 36
