0 0.1 659.72265625 0 659.72265625 659.72265625 0 0
10 0.1 659.2734375 0.0 659.72265625 659.2734375 659.72265625 1
20 0.1 658.89453125 0.0 659.72265625 658.89453125 659.498046875 2
30 0.1 657.68359375 0.0 659.72265625 657.68359375 659.296875 3
40 0.1 656.24609375 0.0 659.72265625 656.24609375 658.8935546875 4
50 0.1 656.1015625 0.0 659.72265625 656.1015625 658.3640625 5
60 0.1 656.10546875 0.0 659.72265625 656.1015625 657.9869791666666 6
70 0.1 655.93359375 0.0 659.72265625 655.93359375 657.7181919642857 7
80 0.1 656.17578125 0.0 659.72265625 655.93359375 657.4951171875 8
90 0.1 656.328125 0.0 659.72265625 655.93359375 657.3485243055555 9
100 0.1 650.84765625 0.0 659.72265625 650.84765625 657.246484375 10
110 0.1 650.9609375 0.0 659.72265625 650.84765625 656.6647727272727 11
120 0.1 652.171875 0.0 659.72265625 650.84765625 656.189453125 12
130 0.1 648.41796875 0.0 659.72265625 648.41796875 655.8804086538462 13
140 0.1 647.703125 0.0 659.72265625 647.703125 655.3473772321429 14
150 0.1 647.30859375 0.0 659.72265625 647.30859375 654.8377604166667 15
160 0.1 636.66015625 0.0 659.72265625 636.66015625 654.3671875 16
170 0.1 641.69921875 0.0 659.72265625 636.66015625 653.3255974264706 17
180 0.1 640.0078125 0.0 659.72265625 636.66015625 652.6796875 18
190 0.1 617.625 0.0 659.72265625 617.625 652.0127467105264 19
200 0.1 612.43359375 0.0 659.72265625 612.43359375 650.293359375 20
210 0.1 611.94921875 0.0 659.72265625 611.94921875 648.4905133928571 21
220 0.1 590.77734375 0.0 659.72265625 590.77734375 646.8295454545455 22
230 0.1 583.76171875 0.0 659.72265625 583.76171875 644.3924932065217 23
240 0.1 582.03125 0.0 659.72265625 582.03125 641.8662109375 24
250 0.1 451.98828125 0.0 659.72265625 451.98828125 639.4728125 25
260 0.1 452.34375 0.0 659.72265625 451.98828125 632.2618689903846 26
270 0.1 442.63671875 0.0 659.72265625 442.63671875 625.5982349537037 27
280 0.1 401.51171875 0.0 659.72265625 401.51171875 619.0638950892857 28
290 0.1 401.6328125 0.0 659.72265625 401.51171875 611.5620959051724 29
300 0.1 406.75390625 0.0 659.72265625 401.51171875 604.564453125 30
310 0.1 548.1171875 0.0 659.72265625 401.51171875 598.1834677419355 31
320 0.1 551.0234375 0.0 659.72265625 401.51171875 596.618896484375 32
330 0.1 551.32421875 0.0 659.72265625 401.51171875 595.2372159090909 33
340 0.1 551.625 0.0 659.72265625 401.51171875 593.9456571691177 34
350 0.1 559.6328125 0.0 659.72265625 401.51171875 592.7364955357143 35
353 0.1 591.34375 0.0 659.72265625 401.51171875 591.8169487847222 36
