0 0.1 0.23828125 0 0.23828125 0.23828125 0 0
10 0.1 0.19921875 0.0 0.23828125 0.19921875 0.23828125 1
20 0.1 0.171875 0.0 0.23828125 0.171875 0.21875 2
30 0.1 0.140625 0.0 0.23828125 0.140625 0.203125 3
40 0.1 0.12109375 0.0 0.23828125 0.12109375 0.1875 4
50 0.1 0.1015625 0.0 0.23828125 0.1015625 0.17421875 5
60 0.1 0.08984375 0.0 0.23828125 0.08984375 0.162109375 6
70 0.1 0.0703125 0.0 0.23828125 0.0703125 0.15178571428571427 7
80 0.1 0.21875 0.0 0.23828125 0.0703125 0.1416015625 8
90 0.1 0.19140625 0.0 0.23828125 0.0703125 0.1501736111111111 9
100 0.1 0.16015625 0.0 0.23828125 0.0703125 0.154296875 10
110 0.1 0.12890625 0.0 0.23828125 0.0703125 0.15482954545454544 11
120 0.1 0.109375 0.0 0.23828125 0.0703125 0.15266927083333331 12
130 0.1 0.1015625 0.0 0.23828125 0.0703125 0.1493389423076923 13
140 0.1 0.23046875 0.0 0.23828125 0.0703125 0.14592633928571427 14
150 0.1 0.19140625 0.0 0.23828125 0.0703125 0.1515625 15
160 0.1 0.3984375 0.0 0.3984375 0.0703125 0.154052734375 16
170 0.1 0.421875 0.0 0.421875 0.0703125 0.1684283088235294 17
180 0.1 0.359375 0.0 0.421875 0.0703125 0.18250868055555555 18
190 0.1 0.30078125 0.0 0.421875 0.0703125 0.19181743421052633 19
200 0.1 0.25 0.0 0.421875 0.0703125 0.197265625 20
210 0.1 0.2109375 0.0 0.421875 0.0703125 0.19977678571428573 21
220 0.1 0.33984375 0.0 0.421875 0.0703125 0.2002840909090909 22
230 0.1 0.2890625 0.0 0.421875 0.0703125 0.20635190217391305 23
240 0.1 0.23828125 0.0 0.421875 0.0703125 0.20979817708333334 24
250 0.1 0.3515625 0.0 0.421875 0.0703125 0.2109375 25
260 0.1 0.37890625 0.0 0.421875 0.0703125 0.21634615384615385 26
270 0.1 0.3984375 0.0 0.421875 0.0703125 0.22236689814814814 27
280 0.1 0.5703125 0.0 0.5703125 0.0703125 0.22865513392857142 28
290 0.1 0.48046875 0.0 0.5703125 0.0703125 0.2404364224137931 29
300 0.1 0.41015625 0.0 0.5703125 0.0703125 0.2484375 30
310 0.1 0.48828125 0.0 0.5703125 0.0703125 0.25365423387096775 31
320 0.1 0.421875 0.0 0.5703125 0.0703125 0.260986328125 32
330 0.1 0.3515625 0.0 0.5703125 0.0703125 0.26586174242424243 33
340 0.1 0.30078125 0.0 0.5703125 0.0703125 0.26838235294117646 34
350 0.1 0.25 0.0 0.5703125 0.0703125 0.2693080357142857 35
353 0.1 0.2109375 0.0 0.5703125 0.0703125 0.26877170138888884 36
