0 0.7 46.72971428571428 23.805570828900443 96.213 18.727 0 0
10 2.7 22.137407407407412 3.828614586091686 96.213 16.372 46.72971428571428 7
20 2.4 20.703999999999997 3.4633680259731756 96.213 16.372 27.20052941176471 34
30 3.4 21.483647058823532 5.189959202391802 96.213 16.372 24.512310344827586 58
40 3.7 23.062621621621616 6.460787364582069 96.213 16.031 23.393021739130432 92
50 3.8 20.841710526315786 3.868489722358645 96.213 15.513 23.298255813953485 129
60 6.9 23.471057971014492 11.411577620721019 109.325 15.1 22.739281437125744 167
70 5.5 21.015472727272726 3.8826172234462746 109.325 15.1 22.95323305084745 236
80 7.3 21.778671232876718 3.925635347076132 109.325 15.1 22.586989690721644 291
90 14.2 21.53847887323944 4.873225871063101 109.325 14.219 22.424881868131866 364
100 14.5 21.03932413793105 4.92925071438646 109.325 14.219 22.176128458498024 506
110 13.3 21.009458646616526 5.073004330770792 109.325 14.056 21.92292319508449 651
120 21.7 21.605755760368645 4.409574766615783 109.325 14.056 21.767960459183673 784
130 32.2 21.047751552795056 4.288740549075008 109.325 14.056 21.732797202797197 1001
140 33.6 20.875946428571428 4.355041585497871 109.325 14.056 21.566066515495088 1323
150 55.9 21.996860465116292 4.990067885778736 109.325 14.004 21.42629535864979 1659
160 58.9 21.560436332767406 4.972082128320914 109.325 13.871 21.57009422903517 2218
170 62.2 21.34246784565916 4.674904105290356 109.325 13.871 21.56806768792305 2807
180 99.8 23.80537474949901 6.443775620110336 109.325 13.871 21.52714523184602 3429
190 123.4 23.658029983792538 6.048001304253203 109.325 13.871 22.04073751976508 4427
200 134.3 24.29574385703647 6.817883071524619 109.325 13.871 22.39327927927928 5661
210 209.9 32.97648308718441 12.67011625285883 113.834 13.512 22.75807224443175 7004
220 257.2 39.2447733281492 16.937690134331913 134.94 13.512 25.11426738437879 9103
230 233.4 38.770754070265674 19.772160756255843 176.794 13.512 28.227214817987143 11675
240 329.6 622.6510388349507 492.9608123295347 1717.6 1.62 29.983844171603966 14009
250 492.3 780.98528823888 448.13969525716897 1722.158 1.586 142.86631014157743 17305
260 493.3 776.221932495438 456.9160017433516 1782.042 1.586 284.19525242936857 22228
270 831.5 470.8545900180416 438.00217570454464 1782.042 1.586 373.55748551231545 27161
280 1034.3 374.35615314705524 392.8044335183138 1782.042 1.586 396.3623514488673 35476
290 1012.3 384.8557308110255 398.6051527364879 1782.042 1.561 391.394759204697 45819
300 424.2 514.0208623290903 430.8865049532683 1782.042 1.561 390.21148752279186 55942
310 0 0 0 1782.042 1.561 398.9380488668088 60184
320 0 0 0 1782.042 1.561 398.9380488668088 60184
330 0 0 0 1782.042 1.561 398.9380488668088 60184
340 0 0 0 1782.042 1.561 398.9380488668088 60184
350 0 0 0 1782.042 1.561 398.9380488668088 60184
353 0 0 0 1782.042 1.561 398.9380488668088 60184
