0 1.8 18.113166666666668 12.856441832145213 54.738 4.867 0 0
10 6.9 8.60117391304348 2.755245631789185 54.738 4.692 18.113166666666668 18
20 5.9 8.36589830508475 2.6997435012809996 54.738 4.692 10.569172413793105 87
30 8.5 8.536352941176473 3.476411180939611 54.738 4.603 9.678808219178086 146
40 9.6 8.830697916666669 4.442622916419495 54.738 4.504 9.258424242424246 231
50 9.3 8.464376344086025 3.2123382998975663 54.738 4.424 9.132853211009177 327
60 17.5 9.197822857142855 7.989751421668198 104.482 4.424 8.984833333333336 420
70 13.5 8.505155555555554 2.7697950849908572 104.482 4.395 9.047477310924371 595
80 18.6 8.529064516129033 3.017407041468251 104.482 4.395 8.94718493150685 730
90 36.1 8.3990886426593 3.2311445272737953 104.482 4.303 8.862282751091703 916
100 35.9 8.440635097493049 3.3554520824221457 104.482 4.303 8.731340642129998 1277
110 32.8 8.452698170731713 3.568442711822291 104.482 4.264 8.667548899755507 1636
120 55.4 8.409509025270765 3.136543649593135 104.482 4.247 8.631667515274955 1964
130 80.4 8.375298507462704 3.172769654269359 104.482 4.236 8.582789118347902 2518
140 83.9 8.309520858164499 3.1798635523280394 104.482 4.006 8.53257164358821 3322
150 142.4 8.59113483146071 3.6236737411225874 104.482 4.006 8.48759697188177 4161
160 145.8 8.660830589849114 3.6584048289418494 104.482 4.006 8.513995881826338 5585
170 156 8.438717948717951 3.5121516498398404 104.482 4.006 8.544392730370596 7043
180 253.2 9.337834123222793 4.724802763602873 104.482 4.006 8.525230500988041 8603
190 309.2 9.437500646830529 4.688651801638849 104.482 4.006 8.710009339919194 11135
200 335.6 9.642955601907023 4.899285465354347 104.482 4.006 8.868117382441852 14227
210 530.4 12.991669683257863 8.717012379834163 104.482 4.006 9.016007791616914 17583
220 643.1 15.666063909189875 11.18102797681722 117.245 4.006 9.937356621662948 22887
230 584.5 15.401707784431094 11.794531754138577 119.671 4.006 11.19396746026332 29318
240 872.1 249.01178270840487 213.3090914481419 723.154 0.719 11.893402724454676 35163
250 1231.5 311.1464567600491 229.85700299470253 754.436 0.719 59.015574628566185 43884
260 1233.1 310.86460846646486 230.23514279717963 754.436 0.717 114.26552237584303 56199
270 2107.2 182.98492535117654 233.2789218396999 754.436 0.717 149.64073513789555 68530
280 2584.2 150.12647674328818 226.08554012290818 754.436 0.713 157.48239912055504 89602
290 2535.6 153.19868181101143 226.85421482681383 754.436 0.712 155.83578477876742 115444
300 966 219.6587859213241 243.52433045679376 754.436 0.712 155.36088149147747 140800
310 0 0 0 754.436 0.712 159.48900695201394 150460
320 0 0 0 754.436 0.712 159.48900695201394 150460
330 0 0 0 754.436 0.712 159.48900695201394 150460
340 0 0 0 754.436 0.712 159.48900695201394 150460
350 0 0 0 754.436 0.712 159.48900695201394 150460
353 0 0 0 754.436 0.712 159.48900695201394 150460
