0 0.3 2036.7600000000002 723.0910886313012 2996.289 1250.778 0 0
10 1.4 1898.6202142857142 591.3084608593747 2996.289 1177.214 2036.7600000000002 3
20 1.3 1828.343615384615 567.6573936403404 2996.289 1120.829 1922.9978235294116 17
30 1.5 1901.1011999999998 542.7589663348056 2996.289 1054.936 1881.9809999999998 30
40 1.9 2211.647421052632 482.2658914872928 3039.51 1054.936 1888.3543999999997 45
50 1.8 1978.1484999999998 539.8934441239564 3039.51 1054.936 1984.332015625 64
60 3.3 2098.371121212121 564.2924928497556 3039.51 1054.936 1982.9746585365854 82
70 2.8 2098.4362857142855 560.3383786715626 3039.51 1054.936 2016.0884260869564 115
80 3.5 1960.2928285714286 599.3612859967557 3044.114 1054.936 2032.2124825174826 143
90 6.6 1977.7523484848484 566.7239441029386 3044.114 1054.936 2018.07097752809 178
100 7.8 2056.3611282051274 548.3848373904057 3044.114 1054.936 2007.165118852459 244
110 6.6 1962.3153636363638 582.2448639823606 3044.114 1043.249 2019.082164596273 322
120 10.2 1985.1296372549014 598.0476811586603 3044.316 1043.249 2009.425956185567 388
130 15.9 2022.3964088050325 584.028238101821 3044.316 1043.249 2004.3683551020408 490
140 17.1 2024.3167953216368 564.189903236375 3044.316 1043.249 2008.785089368259 649
150 26.1 2008.9262490421468 599.1826896733027 3044.316 1043.249 2012.0240182926827 820
160 30.2 2005.6498907284772 585.0172179679373 3044.316 1043.249 2011.2760832562442 1081
170 30.2 2107.567082781459 562.3282974650338 3057.109 1043.249 2010.0475148228488 1383
180 47 2052.7478574468078 574.371343429984 3057.109 1042.251 2027.5257994065284 1685
190 61.7 2065.8237050243097 573.8912973611352 3057.109 1042.251 2033.0266658932715 2155
200 66.5 2032.4073488721804 606.3113959907295 3059.202 1042.251 2040.3267283549778 2772
210 99.3 2047.5342406847901 574.1587844444168 3075.412 1042.251 2038.7944655222575 3437
220 128.8 2095.830738354043 588.7856153422041 3101.661 1042.251 2040.7535167042881 4430
230 121.2 2058.0636608910963 578.6479932025735 3152.456 1042.251 2053.159858342078 5718
240 151.2 3024.560988095238 883.6499785230498 5157.561 1042.251 2054.017493073595 6930
250 244.4 3588.8164558101507 841.4340477406796 5617.278 1031.072 2227.846178749113 8442
260 247.8 3558.4256057304297 851.2129776117182 5617.278 1031.072 2533.395632831161 10886
270 400.9 2981.0981798453386 891.5736534206255 5617.278 1013.035 2723.460304549538 13364
280 516.7 2744.413655119018 803.1551709947958 5617.278 1013.035 2782.9129173430024 17373
290 501.7 2780.199489336269 796.5507248949506 5617.278 1012.368 2774.0874653504857 22540
300 253.5 3079.920291913214 822.1528172412033 5617.278 1012.368 2775.2002143556997 27557
310 0 0 0 5617.278 1012.368 2800.8703391931413 30092
320 0 0 0 5617.278 1012.368 2800.8703391931413 30092
330 0 0 0 5617.278 1012.368 2800.8703391931413 30092
340 0 0 0 5617.278 1012.368 2800.8703391931413 30092
350 0 0 0 5617.278 1012.368 2800.8703391931413 30092
353 0 0 0 5617.278 1012.368 2800.8703391931413 30092
