0 61.7734375 61.7734375
10 237.57578125 299.34921875
20 208.43671875 507.7859375
30 296.275 804.0609375
40 326.81953125 1130.88046875
50 329.6390625 1460.51953125
60 604.19609375 2064.715625
70 477.4859375 2542.2015625
80 641.91796875 3184.11953125
90 1244.80390625 4428.9234375
100 1260.5078125 5689.43125
110 1156.853125 6846.284375
120 1905.253125 8751.5375
130 2808.91171875 11560.44921875
140 2929.82421875 14490.2734375
150 4904.6265625 19394.9
160 5130.1578125 24525.0578125
170 5425.6546875 29950.7125
180 8748.9578125 38699.6703125
190 10790.6171875 49490.2875
200 11705.3625 61195.65
210 18368.0125 79563.6625
220 22458.3640625 102022.0265625
230 20354.7921875 122376.81875
240 26358.31953125 148735.13828125
250 29615.6125 178350.75078125
260 29447.68203125 207798.4328125
270 30835.93125 238634.3640625
280 32035.3453125 270669.709375
290 31898.1328125 302567.8421875
300 18201.25234375 320769.09453125
310 0 320769.09453125
320 0 320769.09453125
330 0 320769.09453125
340 0 320769.09453125
350 0 320769.09453125
353 0 320769.09453125
