0 5.61171875 5.61171875
10 21.6125 27.22421875
20 19.04921875 46.2734375
30 27.06640625 73.33984375
40 29.696875 103.03671875
50 30.51171875 133.5484375
60 54.76640625 188.31484375
70 43.7171875 232.03203125
80 58.76015625 290.7921875
90 113.16171875 403.95390625
100 115.4765625 519.43046875
110 105.196875 624.62734375
120 173.52421875 798.1515625
130 256.27890625 1054.43046875
140 267.7125 1322.14296875
150 448.096875 1770.23984375
160 467.5203125 2237.76015625
170 494.82890625 2732.5890625
180 797.97890625 3530.56796875
190 985.46640625 4516.034375
200 1068.109375 5584.14375
210 1675.1671875 7259.3109375
220 2050.01640625 9309.32734375
230 1857.95 11167.27734375
240 2709.834375 13877.11171875
250 3444.4265625 17321.53828125
260 3427.54765625 20749.0859375
270 4732.540625 25481.6265625
280 5294.54609375 30776.17265625
290 5303.19609375 36079.36875
300 2231.3921875 38310.7609375
310 0 38310.7609375
320 0 38310.7609375
330 0 38310.7609375
340 0 38310.7609375
350 0 38310.7609375
353 0 38310.7609375
