0 1.8 153.6171111111111 109.24060167247997 321.047 11.94 0 0
10 3.4 92.14600000000002 88.44688195049449 321.047 6.298 153.6171111111111 18
20 3.4 96.58838235294117 100.18089416797487 321.047 6.298 113.42446153846154 52
30 7.8 92.66951282051278 99.37554262335244 321.047 6.298 106.76833720930232 86
40 7.8 85.13543589743588 96.83624459795844 321.047 6.298 100.06279878048778 164
50 6.1 69.59175409836064 84.24332703401025 321.047 5.987 95.25149999999998 242
60 14.6 99.2935479452055 107.3066886868956 321.047 5.987 90.08567656765673 303
70 16.8 77.5674880952381 91.69380109357424 321.047 5.987 93.0797728285078 449
80 15.9 86.8507547169811 100.24008462132059 321.047 5.987 88.85600648298218 617
90 16.7 84.40485628742519 99.5205497839953 321.047 5.987 88.44513659793813 776
100 22.8 86.0971798245614 100.80977301854719 421.791 5.987 87.72962566277836 943
110 26.2 87.95483587786255 100.5540363583761 421.791 5.987 87.41177967549102 1171
120 47.6 91.33082983193283 103.90455533077342 421.791 5.725 87.51106838799718 1433
130 61.9 80.66727786752814 96.58014710346526 421.791 5.725 88.46350759559978 1909
140 62.1 86.24916908212545 101.16445684163583 490.052 5.725 86.55454153481008 2528
150 92.9 99.52649515608184 113.65590658408003 609.874 5.725 86.49432041918064 3149
160 123.8 92.4830411954766 104.73105461799823 609.874 5.577 89.46315080922017 4078
170 122.3 92.20675388389208 105.9191239151481 609.874 5.543 90.16642851768243 5316
180 153.2 451.3921370757182 530.8160515498578 3244.817 5.543 90.54803395014525 6539
190 169.4 1995.9165560802821 1427.90392462474 7080.009 5.543 159.04179754677241 8071
200 190.1 3515.4325991583396 2390.248902465671 10548.07 0.805 477.6967735791089 9765
210 369.9 3004.584952419577 3062.361564292357 13093.836 0.727 972.7024142808162 11666
220 506.3 2053.0292105471167 2332.5948116352074 13093.836 0.727 1461.8617705174108 15365
230 469.6 2115.778587947191 2122.5037027943313 13093.836 0.727 1608.380311190526 20428
240 376.4 2756.152474495221 2231.618644381942 13093.836 0.727 1703.2196006209235 25124
250 58 36.89567241379315 7.608259047059978 13093.836 0.727 1840.4128759346474 28888
260 0 0 0 13093.836 0.727 1804.9153878783798 29468
