0 2.8 98.70610714285714 106.21522759517893 321.047 10.133 0 0
10 8.3 37.67450602409639 67.89349440707983 321.047 6.298 98.70610714285714 28
20 6.9 47.53197101449273 83.30091224824892 321.047 6.298 53.06986486486487 111
30 16.2 44.56004938271605 81.26730950272918 321.047 5.338 50.94700555555555 180
40 17.1 38.773163742690066 76.39845296248419 321.047 5.338 47.92160526315789 342
50 15.9 26.629270440251574 60.327029551743415 321.047 5.036 44.87212475633529 513
60 25.9 55.922810810810795 93.48364043346801 321.047 5.036 40.55573511904762 672
70 40.7 31.95389680589679 68.57151668230914 321.047 5.036 44.83078625134264 931
80 34.2 40.319511695906456 79.67326650518723 321.047 5.036 40.91382511210762 1338
90 35.7 39.46546218487391 78.84170057049762 321.047 5.005 40.79283988095238 1680
100 52.9 37.02229300567108 76.69335559170712 396.456 4.922 40.560206676485016 2037
110 55.1 41.76166424682391 80.86741822988265 396.456 4.922 39.83083943881527 2566
120 95.8 45.32784759916491 85.09101715841703 396.456 4.577 40.17215623997431 3117
130 144 34.61908333333329 73.42037374844338 396.456 4.469 41.38421815950918 4075
140 135.9 39.360543782192835 79.33007317960964 490.052 4.469 39.6178003626473 5515
150 191.7 48.1825946791862 91.11644679685278 574.188 4.469 39.566940354960714 6874
160 280.3 40.804330717088675 80.89442880786035 574.188 4.469 41.44570378796495 8791
170 276.3 40.74653094462541 81.49439573300648 574.188 4.469 41.290643522511594 11594
180 298.1 258.13557262663545 323.0963385440597 1724.746 4.469 41.185929233126664 14357
190 340.8 1183.8300718896767 634.7014687178455 3955.845 4.469 78.48705317799052 17338
200 388.6 1942.2700290787557 847.2058497470553 4225.88 0.753 260.06465887400066 20746
210 761.3 1389.3596138184762 1480.0249549568543 5023.506 0.727 525.4531806593075 24632
220 1128 913.2703246453931 1254.834536730799 5023.506 0.727 729.4202972864048 32245
230 1081.7 926.1028059535934 1157.9293479688663 5023.506 0.722 777.0671280413591 43525
240 973.5 957.6955139188472 1110.1805011289237 5023.506 0.722 806.7332965293912 54342
250 222.6 9.45586163522011 3.9754023357491475 5023.506 0.722 829.6684711831102 64077
260 0 0 0 5023.506 0.722 802.1313571934929 66303
