0 0.2 6376.2315 649.1315000000002 7025.363 5727.1 0 0
10 1 5472.285099999999 998.0352466371564 7510.918 3842.753 6376.2315 2
20 0.6 5809.802 691.7879750928023 7510.918 3842.753 5622.9428333333335 12
30 1.8 5491.701277777777 1025.878283242749 7567.106 3732.001 5685.229222222221 18
40 1.8 5838.601944444445 1051.9093574263723 7567.106 3558.168 5588.465249999999 36
50 1.9 5647.384105263159 933.1305017219072 7567.106 3558.168 5671.844148148148 54
60 2.1 5594.206000000001 899.8381165337728 7567.106 3558.168 5665.477835616438 73
70 4.7 5809.8966595744705 1127.6792230333394 8004.752 3558.168 5649.5554042553185 94
80 3.6 6129.672361111111 865.1057979371384 8004.752 3558.168 5703.002489361702 141
90 3.7 6152.616216216216 1153.832402614731 8030.037 3558.168 5789.782802259887 177
100 6.2 6058.277064516132 1107.421911910109 8030.037 3551.889 5852.51568224299 214
110 5.6 5835.484053571427 1084.378528996372 8036.109 3551.889 5898.737442028985 276
120 9 5802.277933333333 994.0566496070622 8036.109 3551.889 5888.068195783132 332
130 16.8 5751.401315476189 1094.1206516206785 8132.037 3517.625 5869.771694312796 422
140 14.3 5661.348762237756 1068.2448657376774 8137.607 3517.625 5836.066230508473 590
150 18.8 5744.5638936170235 1038.7352296228053 8137.607 3433.201 5801.9808308321935 733
160 31.7 5836.156179810724 1099.953037503741 8356.12 3395.191 5790.260543973939 921
170 30.6 5822.150460784318 1097.0757696047058 8437.985 3395.191 5802.012495961226 1238
180 22.5 6655.2511422222215 1448.9852165741 10931.361 3395.191 5806.003569300518 1544
190 22.1 11446.97967873304 2127.6202612457114 17415.894 3395.191 5914.019795364612 1769
200 26.3 17447.893828897344 2160.929216024795 22388.705 3395.191 6528.484184422111 1990
210 70.3 19948.296318634424 3871.00289765945 27591.823 3395.191 7803.1423009320915 2253
220 120.4 15432.637078073118 5731.721597279673 30056.667 3395.191 10691.519592692828 2956
230 123.2 13917.200974837662 4578.287119997633 30056.667 3395.191 12063.708403365394 4160
240 161.1 13839.36018559902 4080.9534411313307 30056.667 3395.191 12487.206706046 5392
250 36.4 11339.564675824173 2050.5065510359664 30056.667 3395.191 12798.261861773533 7003
260 0 0 0 30056.667 3395.191 12726.188320890464 7367
