0 50.66171875 50.66171875
10 186.025 236.68671875
20 141.690625 378.37734375
30 337.77578125 716.153125
40 346.034375 1062.1875
50 340.35546875 1402.54296875
60 549.84296875 1952.3859375
70 826.9625 2779.3484375
80 713.61875 3492.9671875
90 749.9046875 4242.871875
100 1088.4890625 5331.3609375
110 1132.08046875 6463.44140625
120 1988.93359375 8452.375
130 2993.66015625 11446.03515625
140 2828.93515625 14274.9703125
150 3979.8515625 18254.821875
160 5813.32890625 24068.15078125
170 5754.2453125 29822.39609375
180 6336.7953125 36159.19140625
190 7556.90234375 43716.09375
200 7656.46796875 51372.56171875
210 8721.803125 60094.36484375
220 10244.7875 70339.15234375
230 10856.0234375 81195.17578125
240 14722.2484375 95917.42421875
250 3670.7140625 99588.13828125
260 0 99588.13828125
