0 12.07734375 12.07734375
10 41.621875 53.69921875
20 32.8265625 86.52578125
30 77.65390625 164.1796875
40 83.47578125 247.65546875
50 80.72109375 328.3765625
60 118.0890625 446.465625
70 202.88984375 649.35546875
80 165.2359375 814.59140625
90 173.628125 988.21953125
100 260.3125 1248.53203125
110 264.79296875 1513.325
120 455.63671875 1968.96171875
130 711.13046875 2680.0921875
140 662.4765625 3342.56875
150 915.69609375 4258.26484375
160 1377.46953125 5635.734375
170 1354.06796875 6989.80234375
180 1478.796875 8468.59921875
190 1761.95 10230.54921875
200 1964.2015625 12194.75078125
210 3282.64375 15477.39453125
220 4530.8359375 20008.23046875
230 4516.6984375 24524.92890625
240 4120.41328125 28645.3421875
250 1182.0734375 29827.415625
260 0 29827.415625
