0 0.8 4.295750000000001 8.204738520361268 26.003 1.125 0 0
10 0.7 1.217285714285714 0.056809743343686256 26.003 1.125 4.295750000000001 8
20 0.6 1.1666666666666667 0.038112406845482165 26.003 1.087 2.8591333333333337 15
30 1.6 1.4517499999999999 0.32791490893218017 26.003 1.087 2.375571428571429 21
40 1.9 1.2077894736842103 0.05609914057636894 26.003 1.087 1.9760810810810814 37
50 1.9 1.155578947368421 0.09541340289248439 26.003 1.02 1.7154107142857142 56
60 2.8 2.2536785714285714 4.313026548008547 26.003 1.0 1.5735866666666667 75
70 3.5 1.2998 0.5436044675523345 26.003 1.0 1.758466019417476 103
80 2.8 1.237785714285714 0.21085224297442726 26.003 1.0 1.6421376811594204 138
90 6.7 1.3807164179104479 1.1005141784159946 26.003 0.951 1.573933734939759 166
100 8 1.2853999999999999 0.4462242037361936 26.003 0.951 1.5183733905579402 233
110 6.7 1.240582089552239 0.37382904342635903 26.003 0.944 1.4588274760383388 313
120 13.9 1.379208633093525 1.0447293303714695 26.003 0.944 1.4203473684210528 380
130 15.8 1.1952594936708862 0.2924825685681103 26.003 0.944 1.409329479768786 519
140 16.2 1.272969135802469 0.5552752562094878 26.003 0.919 1.3593692762186116 677
150 24.2 1.3011570247933886 0.7195519842150685 26.003 0.919 1.3426865315852203 839
160 33.8 1.2434792899408278 0.5602694046475419 26.003 0.919 1.3333894542090656 1081
170 29.2 1.1653424657534235 0.35231652056412716 26.003 0.862 1.3119732205778716 1419
180 51.8 1.2364034749034747 1.338756817339311 26.003 0.862 1.2869491525423724 1711
190 170.8 1.0824396955503532 0.4876436801349434 26.003 0.673 1.2752027815163747 2229
200 237.7 1.0498582246529236 0.3896407270560631 26.003 0.669 1.1915758191516388 3937
210 349.8 1.1165471698113136 0.5258781706869783 26.003 0.664 1.1382241051631297 6314
220 398.1 1.059647827179097 0.39315113018592107 26.003 0.664 1.1304962291072131 9812
230 531.4 1.0781576966503597 0.46602381086590383 26.003 0.656 1.1100476328572435 13793
240 236.6 1.1078279797125927 0.5135109244833185 26.003 0.656 1.1011784686240629 19107
245 0 0 0 26.003 0.656 1.101911144227633 21473
