0 0.1 4.996991047701214 0 4.996991047701214 4.996991047701214 0 0
10 0.1 0.4502251125562781 0.0 4.996991047701214 0.4502251125562781 4.996991047701214 1
20 0.1 0.15030060120240482 0.0 4.996991047701214 0.15030060120240482 2.723608080128746 2
30 0.1 0.2 0.0 4.996991047701214 0.15030060120240482 1.8658389204866321 3
40 0.1 19.62209302325581 0.0 19.62209302325581 0.15030060120240482 1.4493791903649742 4
50 0.1 0.45090180360721444 0.0 19.62209302325581 0.15030060120240482 5.083921956943142 5
60 0.1 0.4506760140210316 0.0 19.62209302325581 0.15030060120240482 4.311751931387154 6
70 0.1 0.6509764646970456 0.0 19.62209302325581 0.15030060120240482 3.760169657477708 7
80 0.1 0.6021073758153538 0.0 19.62209302325581 0.15030060120240482 3.3715205083801254 8
90 0.1 0.7996001999000499 0.0 19.62209302325581 0.15030060120240482 3.0638079380951506 9
100 0.1 1.5037593984962405 0.0 19.62209302325581 0.15030060120240482 2.8373871642756407 10
110 0.1 1.746506986027944 0.0 19.62209302325581 0.15030060120240482 2.7161482764775133 11
120 0.1 1.7025538307461192 0.0 19.62209302325581 0.15030060120240482 2.635344835606716 12
130 0.1 2.721774193548387 0.0 19.62209302325581 0.15030060120240482 2.5635916813866704 13
140 0.1 3.6345280161534577 0.0 19.62209302325581 0.15030060120240482 2.5748904322553643 14
150 0.1 3.566047212456052 0.0 19.62209302325581 0.15030060120240482 2.6455329378485706 15
160 0.1 6.146926536731634 0.0 19.62209302325581 0.15030060120240482 2.7030650800115383 16
170 0.1 7.6378351036924625 0.0 19.62209302325581 0.15030060120240482 2.905645165700956 17
180 0.1 6.551549009649568 0.0 19.62209302325581 0.15030060120240482 3.168544606700484 18
190 0.1 7.823834196891191 0.0 19.62209302325581 0.15030060120240482 3.3465974700135934 19
200 0.1 14.293166405842461 0.0 19.62209302325581 0.15030060120240482 3.570459306357473 20
210 0.1 16.280295047418335 0.0 19.62209302325581 0.15030060120240482 4.081064406332949 21
220 0.1 22.957821676454884 0.0 22.957821676454884 0.15030060120240482 4.635574890018649 22
230 0.1 25.0 0.0 25.0 0.15030060120240482 5.432194315515877 23
240 0.1 26.933625891387823 0.0 26.933625891387823 0.15030060120240482 6.247519552369383 24
245 0.1 16.014606155451226 0.0 26.933625891387823 0.15030060120240482 7.074963805930121 25
