0 0.1 685.8984375 0 685.8984375 685.8984375 0 0
10 0.1 684.62109375 0.0 685.8984375 684.62109375 685.8984375 1
20 0.1 685.08203125 0.0 685.8984375 684.62109375 685.259765625 2
30 0.1 684.82421875 0.0 685.8984375 684.62109375 685.2005208333334 3
40 0.1 676.734375 0.0 685.8984375 676.734375 685.1064453125 4
50 0.1 675.7265625 0.0 685.8984375 675.7265625 683.43203125 5
60 0.1 674.921875 0.0 685.8984375 674.921875 682.1477864583334 6
70 0.1 674.25390625 0.0 685.8984375 674.25390625 681.1155133928571 7
80 0.1 670.8984375 0.0 685.8984375 670.8984375 680.2578125 8
90 0.1 668.75 0.0 685.8984375 668.75 679.2178819444445 9
100 0.1 665.7421875 0.0 685.8984375 665.7421875 678.17109375 10
110 0.1 668.18359375 0.0 685.8984375 665.7421875 677.0411931818181 11
120 0.1 656.66796875 0.0 685.8984375 656.66796875 676.3030598958333 12
130 0.1 655.6015625 0.0 685.8984375 655.6015625 674.7926682692307 13
140 0.1 645.31640625 0.0 685.8984375 645.31640625 673.421875 14
150 0.1 645.1796875 0.0 685.8984375 645.1796875 671.5481770833334 15
160 0.1 618.03125 0.0 685.8984375 618.03125 669.900146484375 16
170 0.1 611.87109375 0.0 685.8984375 611.87109375 666.8490349264706 17
180 0.1 621.95703125 0.0 685.8984375 611.87109375 663.7947048611111 18
190 0.1 542.35546875 0.0 685.8984375 542.35546875 661.5927220394736 19
200 0.1 434.41015625 0.0 685.8984375 434.41015625 655.630859375 20
210 0.1 356.53125 0.0 685.8984375 356.53125 645.0965401785714 21
220 0.1 391.37109375 0.0 685.8984375 356.53125 631.9799360795455 22
230 0.1 398.98828125 0.0 685.8984375 356.53125 621.5186820652174 23
240 0.1 385.08984375 0.0 685.8984375 356.53125 612.24658203125 24
245 0.1 548.44140625 0.0 685.8984375 356.53125 603.1603125 25
