0 0.1 0.0 0 0.0 0.0 0 0
10 0.1 0.0 0.0 0.0 0.0 0.0 1
20 0.1 0.0 0.0 0.0 0.0 0.0 2
30 0.1 0.0 0.0 0.0 0.0 0.0 3
40 0.1 0.078125 0.0 0.078125 0.0 0.0 4
50 0.1 0.0703125 0.0 0.078125 0.0 0.015625 5
60 0.1 0.05859375 0.0 0.078125 0.0 0.024739583333333332 6
70 0.1 0.05078125 0.0 0.078125 0.0 0.029575892857142856 7
80 0.1 0.0390625 0.0 0.078125 0.0 0.0322265625 8
90 0.1 0.03125 0.0 0.078125 0.0 0.03298611111111111 9
100 0.1 0.03125 0.0 0.078125 0.0 0.0328125 10
110 0.1 0.01953125 0.0 0.078125 0.0 0.032670454545454544 11
120 0.1 0.01953125 0.0 0.078125 0.0 0.031575520833333336 12
130 0.1 0.1015625 0.0 0.1015625 0.0 0.03064903846153846 13
140 0.1 0.078125 0.0 0.1015625 0.0 0.03571428571428571 14
150 0.1 0.0703125 0.0 0.1015625 0.0 0.03854166666666667 15
160 0.1 0.05859375 0.0 0.1015625 0.0 0.04052734375 16
170 0.1 0.05078125 0.0 0.1015625 0.0 0.04159007352941176 17
180 0.1 0.12109375 0.0 0.12109375 0.0 0.04210069444444445 18
190 0.1 0.171875 0.0 0.171875 0.0 0.04625822368421053 19
200 0.1 0.1484375 0.0 0.171875 0.0 0.0525390625 20
210 0.1 0.19921875 0.0 0.19921875 0.0 0.05710565476190476 21
220 0.1 0.171875 0.0 0.19921875 0.0 0.06356534090909091 22
230 0.1 0.2890625 0.0 0.2890625 0.0 0.06827445652173914 23
240 0.1 0.23828125 0.0 0.2890625 0.0 0.07747395833333333 24
245 0.1 0.4296875 0.0 0.4296875 0.0 0.08390625 25
