0 2.3 134.47008695652173 149.6094066253023 410.279 7.092 0 0
10 1.9 108.18457894736845 129.77191947466332 410.279 7.092 134.47008695652173 23
20 2 114.95700000000002 129.31978913221286 410.279 7.092 122.57902380952382 42
30 4.5 119.03344444444444 132.2582590411747 410.279 7.092 120.12030645161292 62
40 5.5 109.81147272727279 129.54795733246004 410.279 6.457 119.66321495327102 107
50 6.1 111.61637704918029 127.53916649164063 410.279 6.432 116.31848765432099 162
60 7.5 116.55268000000001 130.37049276715547 410.279 6.381 115.03226008968609 223
70 10.6 113.36749056603773 128.38735057667856 410.279 6.161 115.41491610738257 298
80 8.8 103.25852272727273 123.14422132014535 410.279 6.161 114.87772029702971 404
90 18 119.72488888888894 135.64820930930492 516.518 6.161 112.79948983739838 492
100 23.9 112.29677405857737 133.00506395732475 533.334 5.988 114.65450744047621 672
110 20.7 112.93736231884061 129.11913489045327 533.334 5.988 114.03595828759605 911
120 39.4 127.63622081218281 147.2579743978775 536.307 5.988 113.83255098389984 1118
130 48.2 120.78358713692951 143.3436567571951 736.307 5.988 117.42953902116405 1512
140 47.9 124.73099164926928 148.29305944758713 736.307 5.988 118.24029689067204 1994
150 68.6 147.13846064139935 171.26426172310562 760.077 5.988 119.49749171047311 2473
160 101.7 153.9579734513277 180.9420383918304 1031.324 5.988 125.499930674264 3159
170 89 152.9183539325845 184.82033569137184 1038.775 5.988 132.43044540229891 4176
180 101.1 510.66978536102897 711.3930307724446 4588.788 5.988 136.02978187919473 5066
190 141.4 2326.5036683168287 2293.5885166589 9989.667 1.351 198.35675958532184 6077
200 189.7 3030.771926199261 2862.7151684657283 11213.673 1.276 600.0654405286339 7491
210 265.9 2316.4148766453523 2662.886934334211 11213.673 1.276 1091.2297144226666 9388
220 372.3 1760.2073789954309 2110.336891624151 11652.764 1.276 1361.651175894412 12047
230 363 1654.8366484848514 2112.1643976828354 11652.764 1.276 1455.7427893468594 15770
240 284.4 2126.669563291139 2362.1953591842453 11652.764 1.276 1492.9959186597928 19400
245 12.5 30.337072 9.002954054021158 11652.764 1.276 1574.0140739075696 22244
