0 7 44.11217142857145 69.36132319712715 251.324 6.662 0 0
10 5.8 39.66779310344828 68.99708511378269 251.324 6.418 44.11217142857145 70
20 5.9 34.68491525423728 64.23911034018063 251.324 6.291 42.09831250000002 128
30 13.8 38.73029710144924 68.12431335555137 251.324 5.961 39.759326203208566 187
40 16.3 36.987122699386475 67.02265217822516 251.324 5.812 39.3223846153846 325
50 17.9 37.97247486033521 68.56612685415514 273.25 5.655 38.54236885245899 488
60 23 37.94109999999999 68.52759542957541 273.25 5.655 38.38942878560719 667
70 32.5 36.90852 67.62428073714173 273.25 5.655 38.274472686733546 897
80 25.7 35.31985214007782 65.24150686178864 273.25 5.655 37.911187397708666 1222
90 55.8 39.42749103942651 69.74973560579193 273.25 5.426 37.46090128465178 1479
100 71.2 37.29168398876399 68.72777475049189 467.437 5.426 37.99961364752086 2037
110 61.5 37.95378861788617 68.37298991542515 467.437 5.426 37.816257548199324 2749
120 121 41.51388347107432 72.59944149382514 467.437 5.426 37.84140071343637 3364
130 142.8 40.68806162464989 72.56849125646681 467.437 5.426 38.812914516834255 4574
140 144.4 41.843916204986115 73.4199197974616 467.437 5.426 39.25905081639452 6002
150 210.6 48.14317236467231 79.94674116935249 470.443 5.426 39.76033279613213 7446
160 304.3 51.14092310220197 84.83914701443382 532.568 5.426 41.60855935929646 9552
170 264.7 51.337861352474526 84.67156115093844 532.568 5.426 43.91161476776501 12595
180 310.4 243.65475483247405 320.0630215734224 1937.13 5.426 45.201292940559 15242
190 457.2 947.5183029308874 683.8094604418618 3067.836 0.064 78.7780696609615 18346
200 578.3 987.6351717101826 656.6875908013141 3649.478 0.054 252.0864013875564 22918
210 809.8 718.4779461595416 762.1592317401602 3649.478 0.054 400.29303316957606 28701
220 1113.7 580.241755230314 769.2458598945099 3649.478 0.054 470.3129093997111 36799
230 1087.9 556.641481661919 744.8783210657414 3649.478 0.046 495.85274493074047 47936
240 804.7 642.1681389337652 724.1326779722691 3649.478 0.046 507.09682665986554 58815
245 24.7 15.156481781376527 7.342764996663504 3649.478 0.046 523.3529788818761 66862
