0 0.7 2262.471571428571 730.1720512268436 3345.214 1454.285 0 0
10 0.6 2269.4833333333336 526.7888502874964 3345.214 1454.285 2262.471571428571 7
20 0.8 2473.0195 611.7768222808054 3345.214 1336.408 2265.7077692307694 13
30 1.3 2169.894307692308 513.5611254778336 3345.214 1336.408 2344.683666666667 21
40 1.8 2077.1888333333336 555.7313869325968 3345.214 1336.408 2277.8524411764706 34
50 2.2 2283.7435909090914 577.0191277646189 3345.214 1336.408 2208.3919615384616 52
60 2.1 2437.363761904762 601.8290182369791 3345.214 1336.408 2230.7937972972973 74
70 3.5 2194.749971428572 492.06620544368013 3345.214 1336.408 2276.4566315789475 95
80 3.2 2276.9849999999988 566.7401879777565 3345.214 1336.408 2254.4586846153848 130
90 4.9 2237.6717755102036 544.850863312801 3345.214 1336.408 2258.9083271604936 162
100 8.1 2415.950246913581 545.1414361525209 3413.959 1336.408 2253.9766161137436 211
110 7.1 2321.0943661971837 636.1589884687509 3520.302 1336.408 2298.9076575342465 292
120 11.8 2306.153720338982 568.0152748996904 3520.302 1336.408 2303.24720661157 363
130 16.8 2337.3843452380956 601.0606426959029 3520.302 1336.408 2303.9602390852388 481
140 15.6 2366.3058141025654 550.7824101403013 3520.302 1336.408 2312.6123959938363 649
150 20.3 2524.511931034481 574.6838783544974 3845.243 1336.408 2323.0175801242235 805
160 34.2 2491.6992280701747 606.7686291732591 3861.431 1336.408 2363.596303571428 1008
170 30.4 2441.4675592105255 602.2180952615676 3914.591 1336.227 2396.0490444444436 1350
180 24.3 3041.2720205761325 933.6031385721166 5356.628 1336.227 2404.3968246674717 1654
190 32.7 7817.610272171258 2373.499397192889 13016.831 1336.227 2485.9786236162354 1897
200 62.1 10654.703191626402 3299.933705605682 16807.7 1336.227 3269.901082733813 2224
210 75.3 10112.806620185926 3801.732931396216 18295.869 1070.563 4881.838555360279 2845
220 127.4 7433.916554945059 3478.309614639763 18295.869 1047.066 5976.5909046692595 3598
230 125.4 6853.818837320596 3184.3529588805222 18295.869 1036.061 6357.67318678161 4872
240 127.7 7789.256181675803 3052.1023684052634 18345.707 1036.061 6459.2348331701 6126
245 5.4 8541.837425925929 1546.96878960301 18345.707 1036.061 6688.66037174119 7403
