0 31.39765625 31.39765625
10 26.32421875 57.721875
20 26.15625 83.878125
30 61.69375 145.571875
40 73.9125 219.484375
50 80.32734375 299.81171875
60 102.71015625 402.521875
70 145.3375 547.859375
80 116.75390625 664.61328125
90 248.69609375 913.309375
100 320.57734375 1233.88671875
110 276.48125 1510.36796875
120 540.57109375 2050.9390625
130 642.6765625 2693.615625
140 649.2390625 3342.8546875
150 942.9546875 4285.809375
160 1366.29140625 5652.10078125
170 1190.42109375 6842.521875
180 1459.384375 8301.90625
190 1942.4953125 10244.4015625
200 2357.184375 12601.5859375
210 2861.41875 15463.0046875
220 3790.90078125 19253.90546875
230 3529.67890625 22783.584375
240 2817.95859375 25601.54296875
245 116.9578125 25718.50078125
