0 206.89375 206.89375
10 164.87734375 371.77109375
20 172.92109375 544.6921875
30 411.3171875 956.009375
40 469.3140625 1425.3234375
50 499.9921875 1925.315625
60 692.23515625 2617.55078125
70 954.12734375 3571.678125
80 712.4484375 4284.1265625
90 1680.70703125 5964.83359375
100 2048.0671875 8012.90078125
110 1756.7515625 9769.65234375
120 3600.02890625 13369.68125
130 4065.06328125 17434.74453125
140 4180.61171875 21615.35625
150 6239.17578125 27854.53203125
160 8798.271875 36652.80390625
170 7562.04140625 44214.8453125
180 8659.67578125 52874.52109375
190 10561.903125 63436.42421875
200 13713.503125 77149.92734375
210 12889.09375 90039.02109375
220 13813.5515625 103852.57265625
230 13154.0203125 117006.59296875
240 15939.68828125 132946.28125
245 191.4734375 133137.7546875
