0 0.1 13.58966126183978 0 13.58966126183978 13.58966126183978 0 0
10 0.1 0.49975012493753124 0.0 13.58966126183978 0.49975012493753124 13.58966126183978 1
20 0.1 0.3001500750375188 0.0 13.58966126183978 0.3001500750375188 7.044705693388655 2
30 0.1 0.2001000500250125 0.0 13.58966126183978 0.2001000500250125 4.79652048727161 3
40 0.1 0.2001000500250125 0.0 13.58966126183978 0.2001000500250125 3.6474153779599603 4
50 0.1 0.3003003003003003 0.0 13.58966126183978 0.2001000500250125 2.9579523123729707 5
60 0.1 0.45045045045045046 0.0 13.58966126183978 0.2001000500250125 2.515010310360859 6
70 0.1 0.45090180360721444 0.0 13.58966126183978 0.2001000500250125 2.220073187516515 7
80 0.1 0.5015045135406219 0.0 13.58966126183978 0.2001000500250125 1.9989267645278523 8
90 0.1 0.8508508508508509 0.0 13.58966126183978 0.2001000500250125 1.83254651441816 9
100 0.1 1.1488511488511488 0.0 13.58966126183978 0.2001000500250125 1.734376948061429 10
110 0.1 1.5944195316392624 0.0 13.58966126183978 0.2001000500250125 1.681147329951404 11
120 0.1 1.4536340852130327 0.0 13.58966126183978 0.2001000500250125 1.673920013425392 12
130 0.1 2.3892483822797415 0.0 13.58966126183978 0.2001000500250125 1.656974942024441 13
140 0.1 3.798100949525238 0.0 13.58966126183978 0.2001000500250125 1.7092801877569628 14
150 0.1 4.4110275689223055 0.0 13.58966126183978 0.2001000500250125 1.848534905208181 15
160 0.1 4.972375690607735 0.0 13.58966126183978 0.2001000500250125 2.008690696690314 16
170 0.1 7.383224510296333 0.0 13.58966126183978 0.2001000500250125 2.183025108097221 17
180 0.1 8.50956696878147 0.0 13.58966126183978 0.2001000500250125 2.4719250748860606 18
190 0.1 10.65 0.0 13.58966126183978 0.2001000500250125 2.789695700880556 19
200 0.1 11.514841351074718 0.0 13.58966126183978 0.2001000500250125 3.1827109158365277 20
210 0.1 13.056528264132067 0.0 13.58966126183978 0.2001000500250125 3.579479031800251 21
220 0.1 18.48101265822785 0.0 18.48101265822785 0.2001000500250125 4.0102539969062425 22
230 0.1 22.760041194644696 0.0 22.760041194644696 0.2001000500250125 4.639417416963704 23
240 0.1 27.95535261288686 0.0 27.95535261288686 0.2001000500250125 5.394443407700412 24
