20 1 17785.3532 1984.397953600074 20682.186 13412.461 0 0
30 1.1 18399.744363636364 1350.7798605197922 20682.186 13412.461 17785.3532 10
40 0.3 17039.953666666668 1187.2526530016914 20682.186 13412.461 18107.17714285714 21
50 1.4 18468.70935714286 1747.9318292128062 21691.927 13412.461 17973.774208333332 24
60 1.7 18553.018705882354 1716.2179635596044 21691.927 13412.461 18156.11873684211 38
70 1.9 17337.64857894737 1526.2382296984933 21691.927 13412.461 18278.79690909091 55
80 3.7 17521.49727027027 1852.4988090963473 21691.927 12674.503 18037.15071621622 74
90 3.6 17766.297749999998 2021.4962153066015 23170.128 12674.503 17865.266234234234 111
100 3.9 18156.16069230769 1959.040725576262 23170.128 12674.503 17841.029054421768 147
110 7 18023.240300000005 2007.3636815231662 23170.128 12674.503 17907.10504301075 186
120 8 17930.326774999998 1976.9106589831586 23170.128 12674.503 17938.860777343747 256
130 9.2 17440.999173913056 1859.9267693243514 23170.128 12632.816 17936.82887202381 336
140 14.4 17741.545430555554 1795.7435141562628 23170.128 12632.816 17830.24865654206 428
150 16.2 17746.05645679012 1932.890402485286 23170.128 12632.816 17807.917774475525 572
160 14.7 17664.1149659864 1881.9870662438743 23170.128 12632.816 17794.264459128066 734
170 28.6 17788.501923076943 1965.4293048974016 23301.281 12632.816 17772.5482553916 881
180 30.8 18020.281577922073 1979.8366400847826 23301.281 11747.467 17776.45806598115 1167
190 21.1 19628.813545023713 2153.8027202219746 24585.923 11747.467 17827.371721355936 1475
200 21.9 23551.958881278555 2447.3631719147465 29807.75 11747.467 18052.819067022545 1686
210 34.7 28227.389224783852 2466.727615516847 34372.35 11747.467 18685.003644094497 1905
220 54.7 30015.49036014625 3446.733521673016 38697.106 11747.467 20155.344583925405 2252
230 96.5 28450.33051917097 5401.586286932934 40822.496 11747.467 22082.28268310111 2799
240 131.2 26919.915769054896 5014.63342396007 42056.648 11747.467 23714.898560308182 3764
