0 44.571875 44.571875
10 138.51015625 183.08203125
20 178.1078125 361.18984375
30 143.121875 504.31171875
40 243.01015625 747.321875
50 377.46953125 1124.79140625
60 417.24296875 1542.034375
70 674.20859375 2216.24296875
80 770.9015625 2987.14453125
90 859.834375 3846.97890625
100 1282.04921875 5129.028125
110 1599.3453125 6728.3734375
120 2036.6546875 8765.028125
130 2728.76875 11493.796875
140 3224.46328125 14718.26015625
150 3798.81015625 18517.0703125
160 5184.734375 23701.8046875
170 6365.64921875 30067.45390625
180 7052.14609375 37119.6
190 7859.16171875 44978.76171875
200 8371.48828125 53350.25
210 8897.87578125 62248.12578125
220 9271.2390625 71519.36484375
230 11663.17265625 83182.5375
240 11043.38046875 94225.91796875
