0 5.3578125 5.3578125
10 21.50625 26.8640625
20 37.81328125 64.67734375
30 31.425 96.10234375
40 38.9421875 135.04453125
50 72.17421875 207.21875
60 80.42421875 287.64296875
70 118.62109375 406.2640625
80 160.5578125 566.821875
90 158.13515625 724.95703125
100 237.19375 962.15078125
110 313.0734375 1275.22421875
120 384.10625 1659.33046875
130 510.10859375 2169.4390625
140 643.79765625 2813.23671875
150 721.26796875 3534.5046875
160 945.9203125 4480.425
170 1254.5171875 5734.9421875
180 1425.76953125 7160.71171875
190 1574.19140625 8734.903125
200 1721.37421875 10456.27734375
210 2094.43671875 12550.7140625
220 3189.00859375 15739.72265625
230 4191.8359375 19931.55859375
240 4101.765625 24033.32421875
