0 0.1 1.5752878974433258 0 1.5752878974433258 1.5752878974433258 0 0
10 0.1 0.25037556334501754 0.0 1.5752878974433258 0.25037556334501754 1.5752878974433258 1
20 0.1 0.5494505494505495 0.0 1.5752878974433258 0.25037556334501754 0.9128317303941716 2
30 0.1 0.2001000500250125 0.0 1.5752878974433258 0.2001000500250125 0.791704670079631 3
40 0.1 0.3996003996003996 0.0 1.5752878974433258 0.2001000500250125 0.6438035150659763 4
50 0.1 0.399400898652022 0.0 1.5752878974433258 0.2001000500250125 0.594962891972861 5
60 0.1 0.44932601098352476 0.0 1.5752878974433258 0.2001000500250125 0.5623692264193879 6
70 0.1 0.7976071784646062 0.0 1.5752878974433258 0.2001000500250125 0.546220195642836 7
80 0.1 0.7972097658196312 0.0 1.5752878974433258 0.2001000500250125 0.5776435684955572 8
90 0.1 0.7976071784646062 0.0 1.5752878974433258 0.2001000500250125 0.6020398126426766 9
100 0.1 1.2462612163509472 0.0 1.5752878974433258 0.2001000500250125 0.6215965492248695 10
110 0.1 0.998003992015968 0.0 1.5752878974433258 0.2001000500250125 0.6783842462363311 11
120 0.1 1.5445939212755355 0.0 1.5752878974433258 0.2001000500250125 0.7050192250513009 12
130 0.1 2.2388059701492535 0.0 2.2388059701492535 0.2001000500250125 0.7696018939916266 13
140 0.1 2.531017369727047 0.0 2.531017369727047 0.2001000500250125 0.8745450422886 14
150 0.1 2.0895522388059704 0.0 2.531017369727047 0.2001000500250125 0.9849765307844965 15
160 0.1 4.0413997042878265 0.0 4.0413997042878265 0.2001000500250125 1.0540125125358386 16
170 0.1 4.4422507403751235 0.0 4.4422507403751235 0.2001000500250125 1.2297411708741908 17
180 0.1 4.341391218549581 0.0 4.4422507403751235 0.2001000500250125 1.4082139247353538 18
190 0.1 9.26016658500735 0.0 9.26016658500735 0.2001000500250125 1.5625916770413657 19
200 0.1 11.532846715328466 0.0 11.532846715328466 0.2001000500250125 1.947470422439665 20
210 0.1 10.446297204512016 0.0 11.532846715328466 0.2001000500250125 2.403916912577227 21
220 0.1 17.314148681055155 0.0 17.314148681055155 0.2001000500250125 2.7694796531197174 22
230 0.1 19.66265060240964 0.0 19.66265060240964 0.2001000500250125 3.40185656737778 23
238 0.1 18.35170100622904 0.0 19.66265060240964 0.2001000500250125 4.079389652170774 24
