0 14.48046875 14.48046875
10 14.51484375 28.9953125
20 11.29296875 40.28828125
30 32.2296875 72.51796875
40 17.70078125 90.21875
50 33.88828125 124.10703125
60 61.171875 185.27890625
70 58.0375 243.31640625
80 73.95 317.26640625
90 125.74375 443.01015625
100 102.321875 545.33203125
110 142.4296875 687.76171875
120 203.221875 890.98359375
130 261.6859375 1152.66953125
140 265.65625 1418.32578125
150 429.99609375 1848.321875
160 540.6375 2388.959375
170 510.846875 2899.80625
180 780.4328125 3680.2390625
190 935.80234375 4616.04140625
200 934.7515625 5550.79296875
210 1346.44765625 6897.240625
220 1553.2921875 8450.5328125
230 1423.92578125 9874.45859375
238 482.06484375 10356.5234375
