0 0.6 3.1633333333333336 4.167199165973339 12.476 1.197 0 0
10 0.7 1.3804285714285716 0.2359629856825958 12.476 1.188 3.1633333333333336 6
20 1 1.3444999999999996 0.22158034660140774 12.476 1.109 2.203307692307692 13
30 2.1 1.3903809523809525 0.43700784303635043 12.476 1.109 1.8299130434782607 23
40 1.9 1.2384210526315786 0.08755348187459855 12.476 1.109 1.6201363636363637 44
50 2.3 1.4797826086956518 0.9813729936884451 12.476 1.109 1.5050158730158731 63
60 1.5 1.6802000000000001 1.4388500593645375 12.476 1.108 1.4982674418604651 86
70 3.2 1.2671562500000004 0.23763576506060172 12.476 1.108 1.5252871287128713 101
80 4.2 1.268047619047619 0.24012069905232805 12.476 1.108 1.4631804511278197 133
90 7.5 1.3341333333333338 0.595699103761473 12.476 0.978 1.4163485714285715 175
100 7.7 1.3222597402597411 0.4873743168682463 12.476 0.978 1.3916840000000001 250
110 7.1 1.2932535211267604 0.3073355150737217 12.476 0.978 1.3753363914373093 327
120 12.6 1.3736190476190473 0.813382657141628 12.476 0.954 1.3606934673366837 398
130 15.7 1.5261210191082804 1.6382271734953546 18.414 0.94 1.3638015267175574 524
140 16.1 1.3049378881987577 0.39807469397166334 18.414 0.911 1.4012232011747432 681
150 28.6 1.318811188811188 0.5757136823722488 18.414 0.911 1.382812351543943 842
160 33.7 1.266192878338278 0.5012037215674681 18.414 0.911 1.3665851063829786 1128
170 32.6 1.2613803680981606 0.46382580436248105 18.414 0.911 1.3434914675767915 1465
180 56 1.195785714285716 0.4762194315006216 18.414 0.9 1.3285455053042992 1791
190 65.4 1.2414480122324156 0.7365986273522034 18.414 0.9 1.2969225861335605 2351
200 62.7 1.3301451355661889 0.8639688526201096 18.414 0.894 1.2848492512479202 3005
210 121.7 1.1398767460969597 0.616644321965737 18.414 0.89 1.2926687775330399 3632
220 122.1 1.1307174447174457 0.4537441177815052 18.414 0.881 1.2543210971334298 4849
230 122.8 1.1341482084690546 0.44307428093394113 18.414 0.881 1.2294578253706758 6070
240 16 1.1255125000000006 0.52797540174117 18.414 0.881 1.213420526171554 7298
247 0 0 0 18.414 0.881 1.2115345937248594 7458
