0 0.1 0.7047139201772666 0 0.7047139201772666 0.7047139201772666 0 0
10 0.1 0.25037556334501754 0.0 0.7047139201772666 0.25037556334501754 0.7047139201772666 1
20 0.1 0.24987506246876562 0.0 0.7047139201772666 0.24987506246876562 0.4775447417611421 2
30 0.1 0.29955067398901647 0.0 0.7047139201772666 0.24987506246876562 0.4016548486636833 3
40 0.1 0.3501750875437719 0.0 0.7047139201772666 0.24987506246876562 0.37612880499501655 4
50 0.1 0.35000000000000003 0.0 0.7047139201772666 0.24987506246876562 0.3709380615047676 5
60 0.1 0.3003003003003003 0.0 0.7047139201772666 0.24987506246876562 0.3674483845873064 6
70 0.1 0.3501750875437719 0.0 0.7047139201772666 0.24987506246876562 0.3578558011177341 7
80 0.1 0.5499999999999999 0.0 0.7047139201772666 0.24987506246876562 0.3568957119209888 8
90 0.1 0.4014049172102358 0.0 0.7047139201772666 0.24987506246876562 0.3783517439297678 9
100 0.1 1.4507253626813406 0.0 1.4507253626813406 0.24987506246876562 0.38065706125781457 10
110 0.1 1.2512512512512513 0.0 1.4507253626813406 0.24987506246876562 0.47793599775086243 11
120 0.1 1.1038635223281485 0.0 1.4507253626813406 0.24987506246876562 0.5423789355425614 12
130 0.1 1.4536340852130327 0.0 1.4536340852130327 0.24987506246876562 0.5855700576029912 13
140 0.1 2.048975512243878 0.0 2.048975512243878 0.24987506246876562 0.6475746310037085 14
150 0.1 2.062374245472837 0.0 2.062374245472837 0.24987506246876562 0.7410013564197198 15
160 0.1 4.114400401404917 0.0 4.114400401404917 0.24987506246876562 0.8235871619855396 16
170 0.1 4.720812182741117 0.0 4.720812182741117 0.24987506246876562 1.01716441136315 17
180 0.1 5.432595573440644 0.0 5.432595573440644 0.24987506246876562 1.2229226208841482 18
190 0.1 8.066132264529058 0.0 8.066132264529058 0.24987506246876562 1.4444843552292268 19
200 0.1 9.779338014042125 0.0 9.779338014042125 0.24987506246876562 1.7755667506942185 20
210 0.1 10.16949152542373 0.0 10.16949152542373 0.24987506246876562 2.1566987156155473 21
220 0.1 17.34592445328032 0.0 17.34592445328032 0.24987506246876562 2.5209165706068286 22
230 0.1 17.775571002979145 0.0 17.775571002979145 0.24987506246876562 3.165482130723067 23
240 0.1 17.43027888446215 0.0 17.775571002979145 0.24987506246876562 3.774235833733737 24
247 0.1 4.127299850820487 0.0 17.775571002979145 0.24987506246876562 4.320477555762874 25
