0 0.1 672.2578125 0 672.2578125 672.2578125 0 0
10 0.1 672.23828125 0.0 672.2578125 672.23828125 672.2578125 1
20 0.1 673.16015625 0.0 673.16015625 672.23828125 672.248046875 2
30 0.1 670.171875 0.0 673.16015625 670.171875 672.5520833333334 3
40 0.1 670.2890625 0.0 673.16015625 670.171875 671.95703125 4
50 0.1 670.05078125 0.0 673.16015625 670.05078125 671.6234375 5
60 0.1 670.04296875 0.0 673.16015625 670.04296875 671.361328125 6
70 0.1 667.8125 0.0 673.16015625 667.8125 671.1729910714286 7
80 0.1 667.20703125 0.0 673.16015625 667.20703125 670.7529296875 8
90 0.1 668.1640625 0.0 673.16015625 667.20703125 670.3589409722222 9
100 0.1 660.8046875 0.0 673.16015625 660.8046875 670.139453125 10
110 0.1 650.8515625 0.0 673.16015625 650.8515625 669.2908380681819 11
120 0.1 652.78125 0.0 673.16015625 650.8515625 667.7542317708334 12
130 0.1 638.046875 0.0 673.16015625 638.046875 666.6024639423077 13
140 0.1 621.890625 0.0 673.16015625 621.890625 664.5627790178571 14
150 0.1 617.3515625 0.0 673.16015625 617.3515625 661.71796875 15
160 0.1 617.05859375 0.0 673.16015625 617.05859375 658.945068359375 16
170 0.1 610.359375 0.0 673.16015625 610.359375 656.4811580882352 17
180 0.1 607.359375 0.0 673.16015625 607.359375 653.9188368055555 18
190 0.1 606.828125 0.0 673.16015625 606.828125 651.4683388157895 19
200 0.1 616.6328125 0.0 673.16015625 606.828125 649.236328125 20
210 0.1 612.31640625 0.0 673.16015625 606.828125 647.6837797619048 21
220 0.1 610.59765625 0.0 673.16015625 606.828125 646.0761718750001 22
230 0.1 615.48828125 0.0 673.16015625 606.828125 644.5336277173914 23
240 0.1 609.0 0.0 673.16015625 606.828125 643.3234049479167 24
247 0.1 600.921875 0.0 673.16015625 600.921875 641.95046875 25
