0 0.1 0.0 0 0.0 0.0 0 0
10 0.1 0.0 0.0 0.0 0.0 0.0 1
20 0.1 0.0 0.0 0.0 0.0 0.0 2
30 0.1 0.0 0.0 0.0 0.0 0.0 3
40 0.1 0.0 0.0 0.0 0.0 0.0 4
50 0.1 0.0 0.0 0.0 0.0 0.0 5
60 0.1 0.0 0.0 0.0 0.0 0.0 6
70 0.1 0.0 0.0 0.0 0.0 0.0 7
80 0.1 0.0 0.0 0.0 0.0 0.0 8
90 0.1 0.0 0.0 0.0 0.0 0.0 9
100 0.1 0.0 0.0 0.0 0.0 0.0 10
110 0.1 0.0 0.0 0.0 0.0 0.0 11
120 0.1 0.0 0.0 0.0 0.0 0.0 12
130 0.1 0.0 0.0 0.0 0.0 0.0 13
140 0.1 0.0 0.0 0.0 0.0 0.0 14
150 0.1 0.0 0.0 0.0 0.0 0.0 15
160 0.1 0.0703125 0.0 0.0703125 0.0 0.0 16
170 0.1 0.05859375 0.0 0.0703125 0.0 0.004136029411764706 17
180 0.1 0.2109375 0.0 0.2109375 0.0 0.007161458333333333 18
190 0.1 0.328125 0.0 0.328125 0.0 0.017886513157894735 19
200 0.1 0.4296875 0.0 0.4296875 0.0 0.0333984375 20
210 0.1 0.359375 0.0 0.4296875 0.0 0.05226934523809524 21
220 0.1 0.30859375 0.0 0.4296875 0.0 0.06622869318181818 22
230 0.1 0.26171875 0.0 0.4296875 0.0 0.07676630434782608 23
240 0.1 0.21875 0.0 0.4296875 0.0 0.08447265625 24
247 0.1 0.1796875 0.0 0.4296875 0.0 0.08984375 25
