0 2 90.32905 92.64993442009282 231.994 8.249 0 0
10 3 67.61693333333338 87.82741058497753 231.994 8.249 90.32905 20
20 4 84.81895000000002 118.00977390897543 457.843 8.245 76.70178000000003 50
30 7.4 74.56058108108112 92.03229526418855 457.843 7.562 80.30941111111113 90
40 8.6 76.72266279069764 91.11998109158317 457.843 7.562 77.71542682926832 164
50 8.2 91.04124390243899 100.37798995924149 457.843 7.562 77.37391600000001 250
60 6.1 69.08849180327869 88.77108833077502 457.843 7.562 80.74958132530121 332
70 12.4 100.83300806451612 116.73233659672277 503.452 7.562 78.9395903307888 393
80 16 118.111725 128.76881956164453 789.933 7.562 84.19062282398451 517
90 25.1 363.083235059761 362.5075227760325 2095.399 7.562 92.20742688330871 677
100 27.7 883.0100180505415 708.4223107923287 3517.438 7.562 165.47232758620692 928
110 29.1 1014.533642611684 799.1630657851949 3941.869 7.562 330.4166763485477 1205
120 27.5 1741.1568218181826 1098.7546678483502 6431.229 7.562 463.49023061497326 1496
130 35.4 3470.1551638418055 2271.8973047028403 9830.046 0.622 661.8856640316206 1771
140 57.3 2933.6096317626516 3901.882445689083 14301.992 0.614 1129.7103242352937 2125
150 88.1 2533.1605425652665 3805.3265971291667 16263.692 0.613 1512.8216300963672 2698
160 108.1 1776.7855245143385 2789.8576620535227 16263.692 0.613 1763.9863637887674 3579
170 107.2 1793.8859197761208 2812.2976013060284 16263.692 0.606 1766.9554394849781 4660
180 166 1097.2656957831348 2256.3323246480227 16263.692 0.603 1771.991984298674 5732
190 204.8 950.8080126953123 2187.526488435387 16263.692 0.602 1620.4706586850652 7392
200 193.1 977.5582180217498 2232.368300145867 16263.692 0.602 1475.1879151483054 9440
210 361.5 541.871014661133 1788.0021562343607 16263.692 0.602 1390.6814561604083 11371
220 381 540.2038598425207 1615.352799428733 16263.692 0.602 1185.9270356332577 14986
230 375.3 525.792942712497 1604.976095562169 16263.692 0.602 1055.0372027027029 18796
240 96.3 1801.9319044652123 2693.258497991825 16263.692 0.602 966.951092110515 22549
247 26.7 3108.4770486891375 2337.696670142031 16263.692 0.602 1001.150076556652 23512
