0 2.4 75.24883333333331 89.35841908230522 231.994 8.249 0 0
10 3.8 53.34518421052631 82.09811132094372 231.994 8.249 75.24883333333331 24
20 5 67.82128 110.33476251989488 457.843 8.245 61.824016129032245 62
30 9.1 60.60075824175828 87.29054648956581 457.843 7.562 64.50136607142856 112
40 10.9 60.497458715596345 86.03020209136626 457.843 7.562 62.75281773399016 203
50 10 74.62371999999998 96.82946977300664 457.843 7.562 61.964887820512836 312
60 7.7 54.698337662337664 83.0592845389349 457.843 7.562 65.03741990291262 412
70 15.4 81.15643506493504 106.75154998436305 470.108 7.562 63.4093844580777 489
80 19.8 95.41192424242422 122.51584046344357 789.933 7.562 67.65984447900466 643
90 30.6 308.190205882353 301.8797904373366 1285.958 7.562 74.19362782401902 841
100 34.9 738.1692636103148 553.9600383165284 2552.224 7.562 136.61991630340017 1147
110 35.9 777.135955431755 549.9274837152184 2552.224 7.562 276.95462366310153 1496
120 32.2 1585.967127329194 996.9441681871327 4778.835 7.562 373.7552156334231 1855
130 41.9 3065.829992840091 1966.6021295628523 5889.075 0.622 553.0534405144696 2177
140 74.9 2384.2933484646214 3442.2973773779636 9423.348 0.614 958.6209965331273 2596
150 113.2 1886.6193666077756 2862.6818864362285 9670.827 0.613 1277.852264573991 3345
160 140 1354.2096364285721 2244.2387910602083 9670.827 0.613 1431.777741344651 4477
170 141.2 1377.0022018413583 2287.983613545283 9670.827 0.606 1413.29971737281 5877
180 214.6 841.0547334575947 1841.9929508764435 9670.827 0.603 1406.2682875565924 7289
190 269.7 715.417368928436 1782.2769584408 9670.827 0.602 1277.70991054584 9435
200 254.8 744.141950941915 1869.1774595536958 9670.827 0.602 1152.7096645235733 12132
210 470.4 408.172094175169 1478.2501771812551 9670.827 0.602 1081.7947779972747 14680
220 509.1 406.01959418581947 1362.1607144245004 9670.827 0.602 918.3238171687983 19384
230 495.8 398.2276710367089 1366.1411705473708 9670.827 0.602 811.7603524412664 24475
240 140.5 1281.5209644128117 2174.284009307114 9670.827 0.602 742.1006156015355 29433
247 39.9 1831.2368671679224 1876.6857059519284 9670.827 0.602 766.6769691289966 30838
