0 0.4 1921.7637500000003 365.70068322767406 2357.972 1355.64 0 0
10 0.9 2275.3140000000003 555.0433685069625 2900.596 1355.64 1921.7637500000003 4
20 0.9 2553.468777777778 552.6692381103784 3150.874 1355.64 2166.5293076923076 13
30 1.7 2206.57594117647 556.3472290278766 3150.874 1354.862 2324.8227272727277 22
40 2.3 2343.6806086956517 631.3477720231427 3300.396 1354.862 2273.2792564102565 39
50 1.9 2117.030421052631 532.9321527618705 3300.396 1294.554 2299.395887096774 62
60 1.5 2395.040933333333 389.19411394358065 3300.396 1294.554 2256.6188024691355 81
70 3.1 2408.3880000000004 590.0023355212387 3457.143 1294.554 2278.2472604166664 96
80 3.7 2466.773027027027 626.7781740020337 3715.564 1294.554 2310.013897637795 127
90 5.4 3316.7329814814834 1007.2207853079623 5686.011 1294.554 2345.380286585366 164
100 6.5 5320.211153846152 1433.4358799618835 8503.319 1294.554 2585.9905871559636 218
110 7.6 6058.647407894737 1780.0042132398403 9524.841 1294.554 3213.991777385159 283
120 3.5 6421.727057142858 2250.3830956104966 10782.353 1294.554 3816.2029972144846 359
130 6.3 11158.754873015872 4460.359635630149 17714.181 1169.602 4047.6581802030455 394
140 16.8 9700.752815476197 7192.141620417827 24802.404 1016.963 5027.962538293216 457
150 26.1 11157.42121455939 9717.470984498445 31277.681 1008.764 6284.008564800001 625
160 32.1 8733.174392523366 8559.676111891342 34595.845 1008.764 7719.6301241535 886
170 33.1 7650.505948640481 7737.699608372253 36941.383 1008.764 7989.180836785419 1207
180 49.6 6162.712058467737 6617.662147182883 36941.383 1007.094 7916.293068270481 1538
190 64.6 5208.48994272445 5637.256240074135 36941.383 1007.094 7488.674493608652 2034
200 61.4 5131.958359934856 5158.931360994072 36941.383 1007.094 6939.047919029848 2680
210 109.9 3880.4734385805255 4275.285686410903 36941.383 1007.094 6602.2073029751045 3294
220 127.7 3680.008682850431 3667.694244828772 36941.383 1007.094 5921.309165718186 4393
230 120.5 3500.0373477178446 3317.250658016505 36941.383 1007.094 5416.522443209875 5670
240 42.5 4933.418112941174 4729.452584235079 36941.383 1007.094 5080.614873745453 6875
247 15.8 14293.832556962025 3233.7988014985344 36941.383 1007.094 5072.045199315067 7300
