0 10.378125 10.378125
10 17.78671875 28.16484375
20 23.028125 51.19296875
30 41.45625 92.64921875
40 50.615625 143.26484375
50 44.2125 187.47734375
60 36.21953125 223.696875
70 70.375 294.071875
80 89.77578125 383.84765625
90 144.2875 528.13515625
100 166.4625 694.59765625
110 158.7203125 853.31796875
120 163.34921875 1016.6671875
130 178.62421875 1195.29140625
140 227.84140625 1423.1328125
150 304.003125 1727.1359375
160 364.09609375 2091.23203125
170 363.6328125 2454.86484375
180 473.37890625 2928.24375
190 579.3953125 3507.6390625
200 552.85859375 4060.49765625
210 879.81171875 4940.309375
220 990.671875 5930.98125
230 948.90234375 6879.88359375
240 359.5921875 7239.47578125
247 141.115625 7380.59140625
