0 39.48203125 39.48203125
10 73.925 113.40703125
20 94.56484375 207.971875
30 167.6953125 375.6671875
40 220.33203125 595.99921875
50 185.5421875 781.54140625
60 159.95859375 941.5
70 310.73984375 1252.23984375
80 407.2046875 1659.44453125
90 661.86171875 2321.30625
100 787.37890625 3108.68515625
110 830.88671875 3939.571875
120 752.0484375 4691.6203125
130 706.35078125 5397.97109375
140 739.384375 6137.35546875
150 1146.66796875 7284.0234375
160 1483.53203125 8767.55546875
170 1560.9109375 10328.46640625
180 1617.3171875 11945.78359375
190 1738.97109375 13684.7546875
200 1788.8890625 15473.64375
210 2175.81875 17649.4625
220 2919.81796875 20569.28046875
230 2486.6484375 23055.92890625
240 1730.42109375 24786.35
247 1136.33984375 25922.68984375
