0 0.8 2.26675 3.2339583620541563 10.819 0.958 0 0
10 1.6 1.1198125 0.4407096860108137 10.819 0.917 2.26675 8
20 0.6 1.4921666666666666 1.1284965539257183 10.819 0.88 1.5021250000000002 24
30 1.3 0.9993076923076922 0.22635043783933606 10.819 0.84 1.5001333333333335 30
40 1.6 1.427 0.8414081203553956 10.819 0.84 1.3487209302325582 43
50 3 0.976333333333333 0.1538205303448001 10.819 0.833 1.3699491525423728 59
60 2.9 1.5481724137931032 1.8178761588442083 10.819 0.693 1.2372696629213482 89
70 4.4 1.0773409090909094 0.254093839428541 10.819 0.693 1.3136779661016948 118
80 4.5 1.0347555555555557 0.3608013399553558 10.819 0.693 1.2494876543209876 162
90 7.4 1.1476081081081082 1.0147587493555887 10.819 0.69 1.2028067632850241 207
100 8.2 1.0461951219512193 0.3995134980174711 10.819 0.69 1.188270462633452 281
110 8.5 1.0396352941176472 0.5402751770992439 10.819 0.686 1.156176308539945 363
120 13.4 1.0665597014925368 0.5438551512491256 10.819 0.686 1.1340647321428574 448
130 16.8 1.0139107142857142 0.3404169507550918 10.819 0.686 1.1185223367697594 582
140 16.5 1.104806060606062 0.6290379561412008 10.819 0.686 1.0950893333333334 750
150 24.6 1.0348699186991863 0.9779197222056909 15.765 0.676 1.096841530054645 915
160 33.5 1.1701402985074607 1.6919260228755553 29.814 0.676 1.0837105943152456 1161
170 32.1 1.0203676012461065 0.4368842622924223 29.814 0.676 1.1030648395721923 1496
180 58.3 1.0600428816466558 1.2665175603124064 29.814 0.629 1.088455145844799 1817
190 62.1 0.9848856682769723 0.5981787076755082 29.814 0.629 1.0815533333333334 2400
200 62 0.9580112903225806 0.42933215001187475 29.814 0.629 1.061682224428997 3021
210 109.7 0.9104247948951694 0.4812878954719138 29.814 0.544 1.044028838231255 3641
220 122.8 0.8633363192182404 0.3553638064504964 29.814 0.544 1.0130951878429717 4738
230 125.3 0.8878188347964896 0.4418141714243982 29.814 0.544 0.9822698625544753 5966
240 26.4 0.991795454545455 0.8396637425692496 29.814 0.544 0.9658760216096415 7219
242 0 0 0 29.814 0.544 0.9667904583723107 7483
