0 0.1 1.6618216869673221 0 1.6618216869673221 1.6618216869673221 0 0
10 0.1 0.7492507492507493 0.0 1.6618216869673221 0.7492507492507493 1.6618216869673221 1
20 0.1 0.6493506493506493 0.0 1.6618216869673221 0.6493506493506493 1.2055362181090357 2
30 0.1 0.3494757863205192 0.0 1.6618216869673221 0.3494757863205192 1.020141028522907 3
40 0.1 0.5002501250625313 0.0 1.6618216869673221 0.3494757863205192 0.85247471797231 4
50 0.1 0.5002501250625313 0.0 1.6618216869673221 0.3494757863205192 0.7820297993903542 5
60 0.1 0.949050949050949 0.0 1.6618216869673221 0.3494757863205192 0.7350665203357171 6
70 0.1 0.9018036072144289 0.0 1.6618216869673221 0.3494757863205192 0.7656357244378931 7
80 0.1 1.097804391217565 0.0 1.6618216869673221 0.3494757863205192 0.78265670978496 8
90 0.1 1.3479780329505742 0.0 1.6618216869673221 0.3494757863205192 0.8176731188330273 9
100 0.1 1.996007984031936 0.0 1.996007984031936 0.3494757863205192 0.8707036102447819 10
110 0.1 2.3952095808383236 0.0 2.3952095808383236 0.3494757863205192 0.973004007861796 11
120 0.1 1.848151848151848 0.0 2.3952095808383236 0.3494757863205192 1.0915211389431734 12
130 0.1 4.0439340988517225 0.0 4.0439340988517225 0.3494757863205192 1.1497235011899944 13
140 0.1 4.922923918448533 0.0 4.922923918448533 0.3494757863205192 1.3564528295944036 14
150 0.1 4.482071713147411 0.0 4.922923918448533 0.3494757863205192 1.5942175688513456 15
160 0.1 5.271084337349398 0.0 5.271084337349398 0.3494757863205192 1.7747084528698496 16
170 0.1 6.836327345309382 0.0 6.836327345309382 0.3494757863205192 1.9803776225451173 17
180 0.1 8.266533066132265 0.0 8.266533066132265 0.3494757863205192 2.2501526071431317 18
190 0.1 11.907164480322905 0.0 11.907164480322905 0.3494757863205192 2.566804210247823 19
200 0.1 13.609172482552342 0.0 13.609172482552342 0.3494757863205192 3.033822223751577 20
210 0.1 12.133468149646106 0.0 13.609172482552342 0.3494757863205192 3.5374103313135183 21
220 0.1 20.66365007541478 0.0 20.66365007541478 0.3494757863205192 3.9281402321468177 22
230 0.1 21.32725430597771 0.0 21.32725430597771 0.3494757863205192 4.655771094897599 23
240 0.1 21.70818505338078 0.0 21.70818505338078 0.3494757863205192 5.350416228692603 24
242 0.1 8.532934131736528 0.0 21.70818505338078 0.3494757863205192 6.004726981680131 25
