0 0.1 665.23828125 0 665.23828125 665.23828125 0 0
10 0.1 664.33203125 0.0 665.23828125 664.33203125 665.23828125 1
20 0.1 662.07421875 0.0 665.23828125 662.07421875 664.78515625 2
30 0.1 661.40234375 0.0 665.23828125 661.40234375 663.8815104166666 3
40 0.1 660.06640625 0.0 665.23828125 660.06640625 663.26171875 4
50 0.1 659.64453125 0.0 665.23828125 659.64453125 662.62265625 5
60 0.1 654.2890625 0.0 665.23828125 654.2890625 662.1263020833334 6
70 0.1 653.12109375 0.0 665.23828125 653.12109375 661.0066964285714 7
80 0.1 653.42578125 0.0 665.23828125 653.12109375 660.02099609375 8
90 0.1 652.46875 0.0 665.23828125 652.46875 659.2881944444445 9
100 0.1 649.09765625 0.0 665.23828125 649.09765625 658.60625 10
110 0.1 646.6171875 0.0 665.23828125 646.6171875 657.7418323863636 11
120 0.1 645.83984375 0.0 665.23828125 645.83984375 656.8147786458334 12
130 0.1 627.25 0.0 665.23828125 627.25 655.9705528846154 13
140 0.1 621.80859375 0.0 665.23828125 621.80859375 653.9190848214286 14
150 0.1 624.00390625 0.0 665.23828125 621.80859375 651.7783854166667 15
160 0.1 589.46484375 0.0 665.23828125 589.46484375 650.04248046875 16
170 0.1 517.0234375 0.0 665.23828125 517.0234375 646.4790900735294 17
180 0.1 487.421875 0.0 665.23828125 487.421875 639.287109375 18
190 0.1 493.22265625 0.0 665.23828125 487.421875 631.2942023026316 19
200 0.1 492.09765625 0.0 665.23828125 487.421875 624.390625 20
210 0.1 490.72265625 0.0 665.23828125 487.421875 618.0909598214286 21
220 0.1 507.734375 0.0 665.23828125 487.421875 612.3014914772727 22
230 0.1 485.75390625 0.0 665.23828125 485.75390625 607.7550951086956 23
240 0.1 484.51953125 0.0 665.23828125 484.51953125 602.6717122395834 24
242 0.1 584.890625 0.0 665.23828125 484.51953125 597.945625 25
