0 0.1 0.0703125 0 0.0703125 0.0703125 0 0
10 0.1 0.05859375 0.0 0.0703125 0.05859375 0.0703125 1
20 0.1 0.05078125 0.0 0.0703125 0.05078125 0.064453125 2
30 0.1 0.0390625 0.0 0.0703125 0.0390625 0.059895833333333336 3
40 0.1 0.03125 0.0 0.0703125 0.03125 0.0546875 4
50 0.1 0.03125 0.0 0.0703125 0.03125 0.05 5
60 0.1 0.01953125 0.0 0.0703125 0.01953125 0.046875 6
70 0.1 0.01953125 0.0 0.0703125 0.01953125 0.04296875 7
80 0.1 0.08984375 0.0 0.08984375 0.01953125 0.0400390625 8
90 0.1 0.078125 0.0 0.08984375 0.01953125 0.045572916666666664 9
100 0.1 0.05859375 0.0 0.08984375 0.01953125 0.048828125 10
110 0.1 0.05078125 0.0 0.08984375 0.01953125 0.04971590909090909 11
120 0.1 0.0390625 0.0 0.08984375 0.01953125 0.0498046875 12
130 0.1 0.0390625 0.0 0.08984375 0.01953125 0.048978365384615384 13
140 0.1 0.03125 0.0 0.08984375 0.01953125 0.04827008928571429 14
150 0.1 0.03125 0.0 0.08984375 0.01953125 0.047135416666666666 15
160 0.1 0.01953125 0.0 0.08984375 0.01953125 0.046142578125 16
170 0.1 0.01953125 0.0 0.08984375 0.01953125 0.04457720588235294 17
180 0.1 0.01171875 0.0 0.08984375 0.01171875 0.04318576388888889 18
190 0.1 0.01171875 0.0 0.08984375 0.01171875 0.041529605263157895 19
200 0.1 0.01171875 0.0 0.08984375 0.01171875 0.0400390625 20
210 0.1 0.16015625 0.0 0.16015625 0.01171875 0.03869047619047619 21
220 0.1 0.12890625 0.0 0.16015625 0.01171875 0.04421164772727273 22
230 0.1 0.1796875 0.0 0.1796875 0.01171875 0.04789402173913043 23
240 0.1 0.23828125 0.0 0.23828125 0.01171875 0.053385416666666664 24
242 0.1 0.19921875 0.0 0.23828125 0.01171875 0.06078125 25
