0 2.2 141.5717727272727 156.86086962277108 452.306 6.548 0 0
10 4.8 110.04185416666662 129.42725644836008 452.306 6.264 141.5717727272727 22
20 2 109.12114999999999 146.78628215956522 508.359 6.151 119.95125714285712 70
30 2.8 128.63803571428573 137.2811840541891 508.359 6.061 117.54456666666665 90
40 5.2 97.40221153846151 120.00775125660337 508.359 6.012 120.17691525423729 118
50 8.6 105.33284883720928 125.44821537410135 508.359 5.972 113.21053529411763 170
60 8.9 110.69261797752813 131.09532193330878 511.578 5.343 110.56412499999999 256
70 12.7 110.38748031496061 128.66720236966154 511.578 5.343 110.59727246376812 345
80 13.4 105.71556716417912 125.44509152253121 511.578 5.343 110.54082415254237 472
90 20.8 112.70689903846157 130.7949670984808 511.578 5.343 109.47385313531353 606
100 26.2 115.42954198473275 136.95480753299944 573.619 5.343 110.29998771498772 814
110 24.9 115.96709638554208 143.20725415786904 757.718 5.24 111.54900557620816 1076
120 38.1 171.55460629921268 246.00563527198332 1383.498 5.24 112.37927320754713 1325
130 48.7 140.0880533880904 170.78156506622557 1383.498 5.24 125.59486635404454 1706
140 50 139.4626840000001 169.7431124275037 1383.498 4.942 128.8133716370269 2193
150 53.1 643.1231977401138 752.5367502474587 4580.224 4.942 130.7905926476049 2693
160 55.6 2618.87951438849 2324.8034192127484 8766.563 4.942 215.17291687344925 3224
170 91.6 3698.619155021838 3379.2830826313407 12335.882 0.815 568.7339931216934 3780
180 161.8 2560.453690976507 3238.8800597042286 13982.516 0.776 1179.2482197615 4696
190 189.6 1994.5763670886047 2494.001052422923 13982.516 0.776 1533.1903249920797 6314
200 187.8 2002.2425990415318 2562.7605330895767 13982.516 0.776 1639.741839707672 8210
210 316.6 1273.7242365761258 2146.159679162733 13982.516 0.776 1707.2256249999982 10088
220 371.6 1084.3093708288486 1786.1332196106398 13982.516 0.776 1603.6745916704388 13254
230 372.8 1021.4620303111565 1623.6926050001073 13982.516 0.738 1489.9467684148494 16970
240 174.9 1683.0691686678103 2112.940558568396 13982.516 0.738 1405.5660986085607 20698
242 0.2 23.8935 2.7805 13982.516 0.738 1427.1882694792173 22447
