0 6.8 45.72379411764706 71.59691685063287 265.47 6.507 0 0
10 14.4 36.61132638888889 66.94220268280253 265.47 5.877 45.72379411764706 68
20 5.8 37.551741379310336 70.46031337729217 265.47 5.877 39.534193396226414 212
30 9.1 39.51816483516483 74.41815400418376 275.691 5.695 39.108333333333334 270
40 15.2 33.25450657894735 65.68025311118978 275.691 5.695 39.21164265927978 361
50 25.8 35.04924806201548 67.96597087559698 275.691 5.639 37.44656530214425 513
60 27.3 36.018589743589736 69.3512023142528 275.691 5.343 36.64435019455252 771
70 38.4 37.04710937499999 70.32718948062154 275.691 5.343 36.480717432950186 1044
80 40.1 34.67179052369078 67.6134184745268 275.691 5.343 36.63302450980391 1428
90 62.3 37.5603354735152 71.13524564567444 275.691 5.141 36.203032804811365 1829
100 79 38.23282531645565 71.5499371718527 275.691 4.768 36.54789396411091 2452
110 74.8 38.874774064171014 74.68998866021201 483.302 4.768 36.958472547809976 3242
120 115.1 56.9413761946134 103.77216899412215 773.529 4.768 37.31771904761901 3990
130 146 46.51322602739728 80.78360439028395 773.529 4.768 41.711189068274635 5141
140 150.6 46.968677290836624 84.29984417072154 773.529 4.658 42.77329692470837 6601
150 161 260.93325341614894 323.9771701410062 2335.422 4.658 43.552653385962735 8107
160 181.9 1144.7929307311683 530.5451580323211 3109.046 4.658 79.57022733353914 9717
170 287 1312.6956581881527 940.0366040518016 3716.967 0.339 247.5348682385571 11536
180 489.5 758.0968486210429 930.0544160593716 3716.967 0.329 459.7389128835203 14406
190 564.9 679.0655087626136 895.0863710251405 3716.967 0.327 535.4066034402362 19301
200 563.9 662.0308175208332 902.3399002877901 3720.513 0.327 567.9328221242486 24950
210 961.5 399.111357878315 818.4905070272408 3720.513 0.327 585.2795348654738 30589
220 1115.5 348.6805332138069 703.294134925794 3720.513 0.327 540.7564271714252 40204
230 1117.4 341.9702401109705 694.7359729678552 3720.513 0.327 499.03819673280236 51359
240 481 536.5005970893976 768.0946665461344 3720.513 0.327 470.9717782450863 62533
242 0.4 11.86825 3.6019164603721725 3720.513 0.327 475.652199649555 67343
