0 0.6 2607.5255 470.23154702931544 3235.13 1883.88 0 0
10 1.6 2645.123 426.18600861360983 3264.937 1731.123 2607.5255 6
20 0.8 2722.7867499999993 455.3812653765385 3322.008 1731.123 2634.8691363636362 22
30 0.5 2315.5128 476.60018998418377 3322.008 1731.123 2658.313833333333 30
40 1.8 2577.823111111111 425.55500104110956 3322.008 1731.123 2609.342257142857 35
50 2.7 2462.535 556.8383581098238 3322.008 1423.866 2598.6376415094337 53
60 3.3 2378.7798484848477 588.075970838551 3360.876 1340.346 2552.703 80
70 3.9 2229.516487179489 589.3369002945283 3360.876 1325.437 2501.9112831858406 113
80 4.3 2188.9360930232565 526.3329305752189 3360.876 1307.812 2432.020513157895 152
90 6.6 2219.0677575757577 585.4846995289862 3360.876 1307.812 2378.417282051282 195
100 9.3 2344.46752688172 576.2359807825449 3431.533 1307.812 2338.1220000000003 261
110 7.7 2323.9824935064926 625.8111747219135 3431.533 1307.812 2339.78904519774 354
120 12.2 2534.632040983605 661.391332909578 4316.568 1307.812 2336.965136890951 431
130 15.6 2449.117064102563 581.8558857788881 4316.568 1307.812 2380.573386980108 553
140 17 2413.5635294117656 582.7458494819784 4316.568 1307.812 2395.6549294781375 709
150 13.6 3556.7308235294113 1223.8919395190571 6588.202 1307.812 2399.1184812286683 879
160 10.7 7724.450420560749 2099.4980508574963 12524.968 1307.812 2554.2271300492607 1015
170 26.6 12129.995530075184 3725.285889521457 18297.961 1307.812 3047.287639928699 1122
180 49.2 10857.34669918699 5575.87131182817 21600.486 1035.774 4787.921860951008 1388
190 64.8 8147.6103348765655 4454.961175889237 21787.546 1035.774 6376.3032547872335 1880
200 61.4 8090.739206840398 4350.760166057521 21787.546 1035.774 6830.3408291139285 2528
210 97.1 6447.15086096807 4306.017159806744 22320.12 1022.519 7076.644013049018 3142
220 125.2 5171.890447284347 3250.8057735821267 22320.12 1009.685 6928.032816678827 4113
230 123.4 5128.747731766614 2957.6918496321755 22320.12 1009.685 6518.211708294503 5365
240 88.4 6435.858194570131 3045.1615562230086 22320.12 1009.685 6258.384681921506 6599
242 0 0 0 22320.12 1009.685 6279.350415608715 7483
