0 204.23515625 204.23515625
10 413.8640625 618.09921875
20 158.0640625 776.16328125
30 298.12890625 1074.2921875
40 419.2609375 1493.553125
50 748.2515625 2241.8046875
60 797.6640625 3039.46875
70 1111.4125 4150.88125
80 1160.31015625 5311.19140625
90 1807.5328125 7118.72421875
100 2258.77109375 9377.4953125
110 2159.8359375 11537.33125
120 3353.37109375 14890.70234375
130 4223.9875 19114.68984375
140 4301.72109375 23416.4109375
150 4574.78359375 27991.19453125
160 5130.6328125 33121.82734375
170 5879.61171875 39001.4390625
180 6320.10546875 45321.54453125
190 6521.2140625 51842.75859375
200 6343.77890625 58186.5375
210 6874.72421875 65061.26171875
220 8670.7640625 73732.02578125
230 8228.8265625 81960.85234375
240 7108.86171875 89069.7140625
242 3.06015625 89072.77421875
