0 30.38359375 30.38359375
10 64.60390625 94.9875
20 26.24921875 121.23671875
30 40.1109375 161.34765625
40 68.753125 230.10078125
50 115.859375 345.96015625
60 121.98359375 467.94375
70 172.45390625 640.39765625
80 180.06796875 820.465625
90 279.84765625 1100.31328125
100 354.87734375 1455.190625
110 335.4546875 1790.6453125
120 516.15546875 2306.80078125
130 656.3359375 2963.13671875
140 679.4234375 3642.56015625
150 747.46640625 4390.0265625
160 867.25625 5257.2828125
170 1179.9796875 6437.2625
180 1620.74765625 8058.01015625
190 1815.2734375 9873.28359375
200 1821.98359375 11695.2671875
210 2527.65546875 14222.92265625
220 2903.36640625 17126.2890625
230 2898.165625 20024.4546875
240 1485.4953125 21509.95
242 2.025 21511.975
